0	0.0900583118	0.1123753637	0.0901667476	0.0899998248	0.0900511891
1	0.0748075098	0.1038637683	0.0750814751	0.0747746229	0.0747975409
2	0.066992633	0.0956545025	0.0672320426	0.0669793859	0.0669892058
3	0.0627496466	0.0900936797	0.0629638657	0.0627707615	0.0627586469
4	0.0602900945	0.0846969932	0.0605293065	0.0603521205	0.0603137314
5	0.058759179	0.080844909	0.0592680164	0.0587655194	0.0587966666
6	0.0577369966	0.0786622316	0.0581850819	0.0577695295	0.0577890687
7	0.0570100844	0.0801124945	0.0575167909	0.0570724085	0.0570811555
8	0.0564653464	0.0732029527	0.0572646745	0.05646725	0.0565549284
9	0.0560398176	0.0701593533	0.0573779792	0.0561018512	0.0561435632
10	0.0556966253	0.0688732043	0.0567484722	0.0557703599	0.0558142476
11	0.0554128848	0.0714495555	0.056177821	0.0555112213	0.055548463
12	0.0551737659	0.0684248656	0.0559864119	0.0553007312	0.0553263612
13	0.0549690574	0.0695768371	0.0559624508	0.0550325103	0.0551323034
14	0.0547915027	0.0642185807	0.0557468496	0.0548982136	0.0549658239
15	0.0546359271	0.0654523075	0.0556969978	0.0547689758	0.0548255704
16	0.0544982329	0.0629825369	0.0559064895	0.0545457192	0.0547020994
17	0.0543754883	0.0631550997	0.0564680174	0.0544930063	0.0545868464
18	0.0542652681	0.061870221	0.0561361089	0.0543925129	0.054484643
19	0.0541656725	0.0618303902	0.0554652065	0.0543045066	0.054398194
20	0.0540751629	0.0633603632	0.0554158054	0.054233022	0.0543194972
21	0.0539925359	0.061353907	0.055441685	0.0540949963	0.0542417243
22	0.0539167784	0.0745668635	0.0553532131	0.0540694855	0.0541716106
23	0.053846959	0.09230382	0.0553869717	0.0540261418	0.0541133583
24	0.0537824966	0.0607170761	0.0556670204	0.0538591072	0.0540588424
25	0.0537226461	0.0664612129	0.0564486198	0.0538732074	0.0540017486
26	0.053667035	0.0621029474	0.0562114045	0.0538312122	0.0539504252
27	0.0536151715	0.0707264841	0.0553549938	0.0537787788	0.0539084002
28	0.0535666607	0.0664317608	0.0553437993	0.0537431464	0.0538684279
29	0.0535211861	0.0701568723	0.0553540997	0.0536511131	0.0538245589
30	0.0534785055	0.0613178015	0.0553090423	0.0536629818	0.0537849404
31	0.0534383543	0.0648175403	0.0553617477	0.0536499321	0.0537539162
32	0.0534004793	0.0622947104	0.0556533262	0.0534984581	0.0537235849
33	0.0533646792	0.0614416376	0.0566162653	0.0535371043	0.0536880307
34	0.0533308499	0.0625402555	0.0564146563	0.0535218567	0.0536563583
35	0.0532987714	0.0622976869	0.0553931147	0.0534808822	0.0536330529
36	0.0532683097	0.0653679222	0.0554025248	0.0534586273	0.0536093935
37	0.0532394387	0.0646458343	0.0553900599	0.053389702	0.0535800457
38	0.05321192	0.0920804814	0.0553655624	0.053420011	0.0535542332
39	0.0531857312	0.1120020151	0.0554222055	0.0534205474	0.0535363182
40	0.0531607568	0.0627973899	0.0557127744	0.0532758497	0.0535176173
41	0.0531369522	0.0811042339	0.0568428114	0.0533267148	0.0534928143
42	0.0531141907	0.0654685721	0.0566471815	0.0533264987	0.0534714684
43	0.0530924164	0.0784459636	0.055482842	0.053290654	0.0534574501
44	0.0530715398	0.0735601559	0.0555075444	0.0532733053	0.0534427054
45	0.0530515537	0.0823479295	0.0554738827	0.0532186367	0.0534212887
46	0.0530323796	0.0659489036	0.0554605797	0.0532605462	0.0534030795
47	0.0530139953	0.0694056526	0.0555175096	0.0532678701	0.0533924401
48	0.0529963411	0.0668958575	0.0558029786	0.0531261079	0.0533805452
49	0.0529793911	0.0648119748	0.057088282	0.0531830899	0.0533616357
50	0.0529630855	0.0699338764	0.0568847284	0.0531934872	0.0533462167
51	0.0529473685	0.0669682175	0.0555963628	0.0531597361	0.0533380583
52	0.0529322252	0.0699206591	0.0556325205	0.0531446189	0.0533284284
53	0.0529176407	0.0732628927	0.0555811487	0.0530989543	0.0533120073
54	0.0529035553	0.1163716391	0.0555745624	0.0531499162	0.0532984585
55	0.0528900214	0.1279566884	0.0556311868	0.0531597212	0.0532925278
56	0.052876953	0.0691455454	0.0559129901	0.0530197844	0.0532847345
57	0.0528643169	0.100889422	0.057348609	0.0530808605	0.0532697961
58	0.0528520755	0.0714696795	0.0571242124	0.0530984513	0.0532579534
59	0.0528402552	0.0877043679	0.0557242446	0.053065747	0.0532537363
60	0.0528288521	0.0838571936	0.0557681359	0.0530515835	0.0532473437
61	0.0528178215	0.1035962626	0.05570307	0.053012155	0.0532340035
62	0.0528071001	0.0740561038	0.0557006001	0.0530698113	0.0532234684
63	0.0527967103	0.0763683543	0.0557562709	0.0530796424	0.0532207713
64	0.0527866781	0.0734647214	0.0560338348	0.0529413037	0.0532155819
65	0.052776929	0.0705782473	0.0576183945	0.0530041046	0.0532032512
66	0.0527674742	0.0828272253	0.0573707074	0.053029228	0.053194005
67	0.0527583882	0.0733115524	0.0558618307	0.0529965982	0.0531923175
68	0.0527494811	0.0753750429	0.0559121445	0.0529822037	0.0531882532
69	0.0527408198	0.085037306	0.0558352247	0.0529472902	0.0531769842
70	0.0527324453	0.1461677402	0.0558353327	0.0530108772	0.0531686395
71	0.0527243391	0.1418570578	0.0558895692	0.0530190133	0.0531679653
72	0.0527164415	0.0786992535	0.0561653338	0.0528822131	0.0531648956
73	0.0527087413	0.1224713176	0.0578991547	0.0529475287	0.0531541854
74	0.0527012609	0.0791654661	0.0576147214	0.0529756844	0.0531466454
75	0.0526940152	0.0976639763	0.0560073182	0.0529439561	0.0531469695
76	0.0526869223	0.0964709744	0.0560619123	0.0529295132	0.053144481
77	0.052680023	0.1335089058	0.0559750982	0.0528973639	0.0531345233
78	0.0526733361	0.0847332105	0.05597727	0.0529659614	0.0531276129
79	0.0526668504	0.0855383798	0.0560298301	0.0529718101	0.0531282723
80	0.0526604876	0.0814185664	0.0563026853	0.052836515	0.0531264655
81	0.0526543073	0.078137517	0.0581786372	0.0529034175	0.0531173982
82	0.0526482649	0.1020283997	0.0578622967	0.0529349707	0.0531111434
83	0.0526423864	0.0807537585	0.0561598763	0.0529040173	0.0531125404
84	0.0526366308	0.0816917121	0.0562172569	0.0528885946	0.0531112738
85	0.0526310578	0.0987555534	0.0561218597	0.0528586283	0.0531023778
86	0.0526256151	0.1813099682	0.0561257266	0.0529320799	0.0530966222
87	0.0526202247	0.1551356614	0.056176383	0.052934166	0.0530987009
88	0.052615054	0.0916983038	0.0564462543	0.0528008491	0.0530977361
89	0.0526100248	0.1446972638	0.058475811	0.0528681949	0.0530895218
90	0.052605059	0.0884028003	0.0581224374	0.0529036671	0.0530842431
91	0.0526002161	0.1083396226	0.0563194789	0.0528725386	0.0530865155
92	0.0525955185	0.1111223549	0.0563769639	0.052856449	0.0530860946
93	0.0525908545	0.1705729663	0.0562744476	0.0528278872	0.0530780181
94	0.0525863767	0.0974435583	0.0562799759	0.0529054217	0.053072907
95	0.0525819883	0.0971927345	0.0563286878	0.0529038273	0.0530759096
96	0.0525776669	0.090716593	0.0565981232	0.0527723059	0.0530758351
97	0.0525734574	0.087317735	0.05878314	0.0528408624	0.0530682355
98	0.0525693409	0.1286128759	0.0583793297	0.0528787486	0.0530634336
99	0.0525653027	0.089324981	0.0564847067	0.0528472662	0.0530667789