0	0.0259185843	0.0259969719	0.0259217881	0.0259326939	0.0259200614
1	0.0203517973	0.0204788465	0.0204056222	0.0203551706	0.0203533452
2	0.0172507726	0.0174271408	0.0172854736	0.0172525216	0.0172524303
3	0.0152388662	0.0154153798	0.0152466986	0.015245365	0.0152404057
4	0.0138271088	0.0140643008	0.0138923628	0.0138387019	0.0138282506
5	0.0127817551	0.0133450925	0.012834114	0.0127969077	0.0127824927
6	0.0119753471	0.0124641554	0.0120127629	0.0119984895	0.0119763594
7	0.0113326758	0.0116663324	0.011418758	0.0113530615	0.011333595
8	0.0108068725	0.011000107	0.0108410139	0.0108350627	0.010808304
9	0.0103673218	0.0109598767	0.010446283	0.0103855086	0.0103685251
10	0.009993284	0.0103874495	0.0102214804	0.0100206975	0.0099943345
11	0.0096701784	0.0099140061	0.0097537776	0.0096899616	0.0096709998
12	0.0093875434	0.0095907478	0.0095087532	0.0094136391	0.0093874605
13	0.0091375671	0.0096623907	0.009224331	0.0091658765	0.0091377562
14	0.0089144194	0.0098577859	0.0090220254	0.0089502065	0.0089147091
15	0.0087135714	0.0090972781	0.0088416021	0.0087364735	0.0087137735
16	0.0085315043	0.0089079533	0.0086082108	0.008565261	0.0085322773
17	0.0083654104	0.0091736242	0.0084802946	0.0083975727	0.0083656069
18	0.0082130218	0.0086942986	0.0085406099	0.0082434732	0.0082137501
19	0.0080725271	0.0083576869	0.0082235569	0.0080963317	0.0080721406
20	0.0079423739	0.0083309207	0.0081457784	0.0079752123	0.0079411678
21	0.0078213476	0.0085536316	0.0079358425	0.0078607351	0.0078202933
22	0.0077083898	0.0094842101	0.0079060113	0.0077618496	0.0077086613
23	0.0076025901	0.007969154	0.0077793994	0.0076256436	0.007602314
24	0.0075031985	0.007916349	0.0076177255	0.0075379983	0.0075034383
25	0.0074095898	0.0079634516	0.0075463322	0.0074673207	0.0074099516
26	0.0073211822	0.0077360775	0.0076849777	0.0073527936	0.007322262
27	0.0072374884	0.0077529019	0.0074628619	0.00726983	0.0072370796
28	0.0071581104	0.0076122661	0.0074425838	0.0072017498	0.0071565481
29	0.0070826481	0.0076346323	0.0072218357	0.0071349749	0.0070814379
30	0.0070107919	0.0078596529	0.007302328	0.007079734	0.007010804
31	0.0069422415	0.0079669077	0.0071667498	0.0069665383	0.0069424738
32	0.0068767574	0.0073827328	0.0070250137	0.0069148205	0.0068771248
33	0.0068140877	0.0073706037	0.006971546	0.006895422	0.0068141855
34	0.00675405	0.0072915852	0.0071335691	0.0067893709	0.0067554004
35	0.0066964366	0.0071493704	0.0069951685	0.0067400569	0.0066960943
36	0.0066410955	0.007128187	0.0070062503	0.0066963062	0.006638932
37	0.006587876	0.0077932565	0.006749393	0.0066531459	0.0065864772
38	0.0065366486	0.0081980489	0.0069195144	0.0066217338	0.006536779
39	0.006487261	0.0072784061	0.0067616678	0.0065141548	0.0064878915
40	0.0064396244	0.0070117819	0.0066156732	0.0064806277	0.0064395713
41	0.0063936366	0.0076945112	0.0065676593	0.0065016253	0.0063939742
42	0.0063491915	0.0070414697	0.0067327176	0.0063889883	0.0063510519
43	0.0063062059	0.0067587984	0.0066674822	0.0063600824	0.0063066729
44	0.0062645911	0.0067775422	0.006714819	0.0063326131	0.0062622102
45	0.0062242872	0.0077264272	0.0064071133	0.0063006771	0.0062227105
46	0.0061852126	0.008159548	0.0066561163	0.00628507	0.0061856303
47	0.0061473171	0.0071585043	0.0064641158	0.0061767516	0.0061488496
48	0.0061105448	0.0067666313	0.0063131941	0.0061560245	0.0061108144
49	0.0060748137	0.0071846903	0.0062674619	0.0062064598	0.0060754768
50	0.0060401056	0.0068887798	0.0064202747	0.0060844738	0.0060426821
51	0.0060063503	0.0065894858	0.0064282836	0.0060714646	0.0060065007
52	0.0059735081	0.0066642747	0.0064959037	0.0060520936	0.0059709344
53	0.0059415409	0.0082543083	0.0061431658	0.0060260398	0.0059392904
54	0.005910424	0.0103088329	0.0064618392	0.0060246689	0.0059107416
55	0.0058800913	0.0066621113	0.0062432201	0.0059117535	0.0058818138
56	0.0058505321	0.0066205151	0.0060770512	0.0058993422	0.0058515579
57	0.0058217035	0.0067314771	0.0060233134	0.0059762592	0.0058218939
58	0.0057935836	0.0065297345	0.0061796135	0.0058416431	0.0057960092
59	0.0057661277	0.006629684	0.0062536411	0.0058414242	0.0057666465
60	0.0057393266	0.0064345188	0.0063224346	0.0058301454	0.0057367198
61	0.005713149	0.0067063374	0.0059331441	0.0058056251	0.0057107979
62	0.0056875623	0.0071272044	0.0063071316	0.0058155861	0.0056880284
63	0.0056625595	0.00749382	0.0060582478	0.0056981067	0.0056650634
64	0.0056381067	0.0066850199	0.0058872667	0.005691539	0.005638368
65	0.0056141885	0.0066347537	0.0058268541	0.0057913749	0.0056150886
66	0.0055907848	0.0064312224	0.0059691416	0.0056449082	0.0055933646
67	0.0055678766	0.0063487007	0.0061079031	0.0056524551	0.0055678966
68	0.0055454462	0.0063799578	0.006200402	0.0056462549	0.0055427938
69	0.005523487	0.0077106128	0.0057597873	0.0056225727	0.0055204737
70	0.0055019609	0.008415251	0.006191147	0.0056431247	0.0055036792
71	0.005480872	0.0065708091	0.0059202206	0.0055185654	0.0054835542
72	0.0054601999	0.0065172659	0.0057330877	0.0055170413	0.0054602204
73	0.0054399376	0.0071131405	0.0056592072	0.0056328666	0.0054402892
74	0.0054200515	0.0064613475	0.005804494	0.0054772026	0.0054232618
75	0.0054005515	0.0061740228	0.0059894556	0.0054944516	0.0054017766
76	0.0053814114	0.0062021413	0.0060834731	0.0054906984	0.0053775394
77	0.0053626257	0.0075361966	0.005614805	0.0054664118	0.0053593237
78	0.0053441939	0.0080226315	0.0060905274	0.0054958826	0.0053454544
79	0.0053260885	0.0069819279	0.005794161	0.0053667505	0.0053289761
80	0.0053083012	0.006288534	0.0056008943	0.0053675314	0.0053084334
81	0.0052908263	0.0067964485	0.0055208243	0.0054992824	0.005293062
82	0.0052736592	0.0064521423	0.0056525976	0.0053354055	0.0052764853
83	0.0052567944	0.0061631459	0.005888145	0.0053588618	0.0052580247
84	0.0052402061	0.0062883515	0.0060169525	0.0053584669	0.0052365065
85	0.0052238936	0.0095684798	0.0054898048	0.0053320634	0.0052203839
86	0.0052078534	0.0118894223	0.006018043	0.0053709401	0.0052089742
87	0.0051920852	0.0068234368	0.0056939907	0.0052361172	0.0051953411
88	0.0051765647	0.0064093	0.005490642	0.0052378513	0.0051760837
89	0.0051612938	0.0064443653	0.0054003475	0.0053857057	0.0051618693
90	0.0051462641	0.0062342822	0.0055232705	0.0052110893	0.0051491535
91	0.0051314677	0.0063009979	0.005803878	0.0052404166	0.0051333657
92	0.005116906	0.0061413697	0.0059257522	0.0052409261	0.0051123188
93	0.0051025683	0.0067178858	0.0053822617	0.005211907	0.0050995257
94	0.0050884387	0.0070484467	0.0059518395	0.0052610817	0.0050901528
95	0.0050745294	0.0078440923	0.0056080511	0.0051214793	0.0050783977
96	0.0050608236	0.006662129	0.0053939875	0.005123355	0.0050605196
97	0.0050473213	0.006726176	0.005291841	0.0052839569	0.0050482024
98	0.0050340109	0.0062610065	0.0054155211	0.0051033371	0.0050378214
99	0.0050208946	0.0061973259	0.0057312334	0.0051351711	0.0050225696
