-1	0.0510916673	0.0510916673	0.0510916673
0	0.0240759365	0.0240869597	0.0276035257
1	0.0232938025	0.023294799	0.0258194432
2	0.0229944382	0.0229984745	0.0250549931
3	0.0228233114	0.0228239205	0.0245700199
4	0.0227080863	0.0227103662	0.0242267866
5	0.0226234626	0.0226227175	0.0239577964
6	0.0225578398	0.0225559473	0.0237347744
7	0.0225049853	0.0225075353	0.0235660151
8	0.0224612691	0.0224651843	0.0234151222
9	0.02242429	0.0224262327	0.0233028289
10	0.0223924778	0.0223943908	0.023195548
11	0.0223647524	0.0223694518	0.0230986848
12	0.022340253	0.022341134	0.0230297502
13	0.0223184228	0.0223211292	0.0229533799
14	0.022298798	0.0223047379	0.022888137
15	0.0222810134	0.0222841334	0.0228423644
16	0.0222648177	0.0222648624	0.0227975734
17	0.0222499724	0.0222504698	0.0227402747
18	0.0222362932	0.022239726	0.0226958394
19	0.0222236477	0.0222252216	0.0226594117
20	0.0222119018	0.0222158264	0.022624312
21	0.0222009514	0.0222030226	0.0225949343
22	0.022190718	0.0221914575	0.0225558709
23	0.0221811272	0.0221858863	0.0225352347
24	0.0221721083	0.022177048	0.0225039311
25	0.0221636016	0.0221671835	0.0224857852
26	0.0221555885	0.0221580938	0.0224607084
27	0.0221480038	0.0221546609	0.0224360023
28	0.022140814	0.0221417844	0.0224248134
29	0.0221339781	0.0221371893	0.0224002562
30	0.0221274924	0.0221344884	0.0223810449
31	0.0221212991	0.0221264977	0.0223721936
32	0.0221154131	0.0221168436	0.0223604776
33	0.0221097898	0.022111861	0.0223354846
34	0.0221043993	0.0221091174	0.0223177262
35	0.0220992547	0.0221019555	0.0223082546
36	0.0220943168	0.0221001506	0.0222935267
37	0.0220895912	0.0220933091	0.0222858898
38	0.0220850483	0.0220876168	0.0222660936
39	0.0220807083	0.0220870487	0.0222629774
40	0.0220765118	0.022082923	0.0222472344
41	0.0220724791	0.0220777653	0.0222401358
42	0.0220685806	0.0220723096	0.0222299695
43	0.0220648479	0.0220733508	0.0222177934
44	0.0220612288	0.0220632888	0.0222182814
45	0.02205774	0.0220620111	0.0222043656
46	0.0220543817	0.0220628716	0.0221964289
47	0.0220511276	0.0220580827	0.0221952833
48	0.0220479872	0.0220506024	0.022190094
49	0.0220449418	0.0220483914	0.0221748501
50	0.0220420118	0.022047868	0.0221643485
51	0.0220391657	0.0220428817	0.0221627727
52	0.0220364109	0.0220432673	0.0221534986
53	0.0220337305	0.022038782	0.0221528076
54	0.0220311359	0.0220352728	0.0221387353
55	0.0220286325	0.0220363159	0.022141654
56	0.0220261719	0.0220339242	0.0221311636
57	0.0220238119	0.0220304094	0.0221268274
58	0.0220215172	0.0220264606	0.0221222192
59	0.0220192838	0.0220292062	0.0221145265
60	0.0220171064	0.0220198724	0.0221196488
61	0.0220149886	0.0220200848	0.022109611
62	0.0220129322	0.0220224299	0.0221067164
63	0.0220109224	0.0220191572	0.0221081562
64	0.0220089722	0.0220124722	0.0221042987
65	0.0220070817	0.022011606	0.0220935643
66	0.0220052339	0.0220118184	0.0220860094
67	0.0220034253	0.0220079441	0.0220880639
68	0.0220016725	0.0220095851	0.0220807474
69	0.021999957	0.0220059697	0.0220830608
70	0.0219982844	0.0220036171	0.0220714565
71	0.0219966602	0.0220055841	0.0220772047
72	0.0219950676	0.0220036097	0.0220688581
73	0.0219935197	0.0220009051	0.0220650863
74	0.0219919998	0.0219979528	0.0220632665
75	0.0219905246	0.0220016446	0.0220573898
76	0.0219890773	0.0219923258	0.0220650956
77	0.0219876692	0.0219936743	0.022056831
78	0.0219862759	0.0219965931	0.0220563672
79	0.0219849292	0.0219943058	0.0220588129
80	0.0219836123	0.0219877549	0.0220550951
81	0.0219823159	0.0219875965	0.022047054
82	0.0219810512	0.0219884291	0.0220405199
83	0.0219798181	0.0219847336	0.022044722
84	0.0219786111	0.0219871681	0.0220380165
85	0.0219774097	0.0219843294	0.0220419429
86	0.0219762605	0.0219824817	0.0220312569
87	0.0219751224	0.0219849143	0.0220388435
88	0.0219740178	0.0219833683	0.022031391
89	0.0219729282	0.0219811369	0.0220277142
90	0.0219718534	0.0219785068	0.0220276341
91	0.0219707992	0.0219831225	0.0220223591
92	0.0219697747	0.0219733492	0.0220315773
93	0.0219687633	0.021975372	0.0220241603
94	0.0219677798	0.0219788533	0.0220252667
95	0.0219668169	0.0219768267	0.022028191
96	0.0219658706	0.0219706092	0.0220240373
97	0.0219649244	0.0219706949	0.0220175721
98	0.021964008	0.0219718851	0.0220117606
99	0.0219631027	0.0219685715	0.0220171884
