0	0.25	0	0.25	0	0.25	0	0.25
0.1207348295	0.0259185843	0.0160139	0.026515	0.0021921732	0.0259407349	0.0168799534	0.0259276386
0.2414696589	0.0203517973	0.0300836	0.0207204	0.0043843463	0.0204135422	0.0337599069	0.0203629229
0.3622044884	0.0172507726	0.0439397	0.017538	0.0065765195	0.0173535515	0.0506398603	0.0172616299
0.4829393178	0.0152388662	0.056276	0.0155351	0.0087686926	0.0153082954	0.0675198138	0.0152489664
0.6036741473	0.0138271088	0.0729931	0.0140795	0.0109608658	0.0139741106	0.0843997672	0.013836557
0.7244089767	0.0127817551	0.0852512	0.0129946	0.0131530389	0.0128821908	0.1012797207	0.0127905654
0.8451438062	0.0119753471	0.0981836	0.0127611	0.0153452121	0.0120417774	0.1181596741	0.0119833732
0.9658786356	0.0113326758	0.1137823	0.0121412	0.0175373852	0.0114004537	0.1350396276	0.0113401478
1.0866134651	0.0108068725	0.1294332	0.0109771	0.0197295584	0.0109056868	0.151919581	0.010813578
1.2073482946	0.0103673218	0.1481191	0.012593	0.0219217315	0.0104754297	0.1687995344	0.0103733763
1.328083124	0.009993284	0.1605866	0.0112381	0.0241139047	0.0100763636	0.1856794879	0.0099990144
1.4488179535	0.0096701784	0.1763895	0.0098928	0.0263060778	0.0097959489	0.2025594413	0.0096753985
1.5695527829	0.0093875434	0.193563	0.0095972	0.028498251	0.0094742142	0.2194393948	0.0093923658
1.6902876124	0.0091375671	0.2087825	0.0092745	0.0306904241	0.0094614979	0.2363193482	0.009142248
1.8110224418	0.0089144194	0.2210427	0.0093855	0.0328825973	0.0089981277	0.2531993017	0.008918575
1.9317572713	0.0087135714	0.2381554	0.0088579	0.0350747705	0.0087820115	0.2700792551	0.0087176748
2.0524921007	0.0085315043	0.2552273	0.0086485	0.0372669436	0.0086458316	0.2869592085	0.0085354252
2.1732269302	0.0083654104	0.2722561	0.0084548	0.0394591168	0.0085041476	0.303839162	0.0083692418
2.2939617597	0.0082130218	0.2909947	0.0082916	0.0416512899	0.0084900428	0.3207191154	0.0082166074
2.4146965891	0.0080725271	0.3080771	0.0081382	0.0438434631	0.0081818951	0.3375990689	0.0080760559
2.5354314186	0.0079423739	0.3203585	0.0080757	0.0460356362	0.0080671497	0.3544790223	0.0079459958
2.656166248	0.0078213476	0.3327617	0.00793	0.0482278094	0.0080661923	0.3713589758	0.0078244423
2.7769010775	0.0077083898	0.3456761	0.0077545	0.0504199825	0.0078297369	0.3882389292	0.0077115325
2.8976359069	0.0076025901	0.3602382	0.0085475	0.0526121557	0.0077418587	0.4051188827	0.007605568
3.0183707364	0.0075031985	0.3735495	0.0076336	0.0548043288	0.0079213502	0.4219988361	0.0075061377
3.1391055658	0.0074095898	0.3905693	0.0074659	0.056996502	0.0074902205	0.4388787895	0.0074123307
3.2598403953	0.0073211822	0.4058587	0.0074102	0.0591886751	0.0073970691	0.455758743	0.0073237396
3.3805752248	0.0072374884	0.4237504	0.0077113	0.0613808483	0.0073806019	0.4726386964	0.0072403792
3.5013100542	0.0071581104	0.4368461	0.0078013	0.0635730214	0.0072869956	0.4895186499	0.0071610082
3.6220448837	0.0070826481	0.4492122	0.0074903	0.0657651946	0.0072851186	0.5063986033	0.0070853457
3.7427797131	0.0070107919	0.4670833	0.0078304	0.0679573677	0.0070723942	0.5232785568	0.0070132194
3.8635145426	0.0069422415	0.4794087	0.0075379	0.0701495409	0.0070933336	0.5401585102	0.0069449139
3.984249372	0.0068767574	0.4935507	0.0074358	0.0723417141	0.0070408168	0.5570384637	0.0068792542
4.1049842015	0.0068140877	0.5140467	0.0068176	0.0745338872	0.0068999524	0.5739184171	0.0068165697
4.2257190309	0.00675405	0.5264435	0.0067548	0.0767260604	0.0069060018	0.5907983705	0.006756647
4.3464538604	0.0066964366	0.542462	0.0066983	0.0789182335	0.0067755948	0.607678324	0.0066988468
4.4671886899	0.0066410955	0.5584235	0.0066581	0.0811104067	0.0071539967	0.6245582774	0.0066433824
4.5879235193	0.006587876	0.5736007	0.0066341	0.0833025798	0.0067372387	0.6414382309	0.0065902914
4.7086583488	0.0065366486	0.5891705	0.0070885	0.085494753	0.0067000855	0.6583181843	0.0065388889
4.8293931782	0.006487261	0.6014838	0.0065207	0.0876869261	0.0066347928	0.6751981378	0.0064891991
4.9501280077	0.0064396244	0.6159876	0.0064215	0.0898790993	0.0065824199	0.6920780912	0.0064420756
5.0708628371	0.0063936366	0.6323622	0.0063916	0.0920712724	0.006491981	0.7089580446	0.0063957907
5.1915976666	0.0063491915	0.649357	0.0068866	0.0942634456	0.0064906147	0.7258379981	0.0063514099
5.312332496	0.0063062059	0.6617214	0.0067364	0.0964556187	0.0065603587	0.7427179515	0.0063083218
5.4330673255	0.0062645911	0.675974	0.0071464	0.0986477919	0.0063588074	0.759597905	0.0062668151
5.553802155	0.0062242872	0.6921779	0.0062921	0.100839965	0.0063248849	0.7764778584	0.006226467
5.6745369844	0.0061852126	0.7067437	0.0065405	0.1030321382	0.0064922022	0.7933578119	0.0061874003
5.7952718139	0.0061473171	0.7207111	0.006182	0.1052243114	0.0063946922	0.8102377653	0.0061498573
5.9160066433	0.0061105448	0.7379378	0.0061882	0.1074164845	0.0061772396	0.8271177188	0.0061127553
6.0367414728	0.0060748137	0.7524904	0.0060291	0.1096086577	0.0063682478	0.8439976722	0.0060770391
6.1574763022	0.0060401056	0.7690714	0.006381	0.1118008308	0.0063078809	0.8608776256	0.0060421797
6.2782111317	0.0060063503	0.7812685	0.0069339	0.113993004	0.0062902328	0.8777575791	0.0060090683
6.3989459611	0.0059735081	0.7944866	0.0063127	0.1161851771	0.0060541676	0.8946375325	0.0059757158
6.5196807906	0.0059415409	0.8097563	0.0059133	0.1183773503	0.00605444	0.911517486	0.0059442027
6.6404156201	0.005910424	0.82463	0.0058855	0.1205695234	0.0060298597	0.9283974394	0.0059123733
6.7611504495	0.0058800913	0.8416603	0.0059303	0.1227616966	0.006000693	0.9452773929	0.0058824653
6.881885279	0.0058505321	0.857189	0.0057857	0.1249538697	0.0061086933	0.9621573463	0.0058526848
7.0026201084	0.0058217035	0.8741032	0.0057539	0.1271460429	0.0060154246	0.9790372998	0.0058235936
7.1233549379	0.0057935836	0.8891421	0.0057853	0.129338216	0.0058495421	0.9959172532	0.0057956772
7.2440897673	0.0057661277	0.9071127	0.0057208	0.1315303892	0.0059721796	1.0127972066	0.005767934
7.3648245968	0.0057393266	0.9242463	0.0060277	0.1337225623	0.0061513842	1.0296771601	0.0057418155
7.4855594262	0.005713149	0.9422923	0.0056554	0.1359147355	0.0061702034	1.0465571135	0.0057149697
7.6062942557	0.0056875623	0.9546163	0.0056642	0.1381069086	0.0058666761	1.063437067	0.0056898198
7.7270290852	0.0056625595	0.9705822	0.0055881	0.1402990818	0.0057699685	1.0803170204	0.005664858
