0	0.1065450832	0	0.1065451	0	0.1065450832	0	0.1065450832
0.0004980639	0.0241597537	0.0006349	0.0242763	0.0001901425	0.024396684	0.0001891404	0.0241071489
0.0009961277	0.0201518871	0.0013847	0.0194566	0.0003802851	0.0205026995	0.0003782809	0.0203177556
0.0014941916	0.0180222057	0.0020883	0.017574	0.0005704276	0.0182628874	0.0005674213	0.0181629788
0.0019922554	0.0167394299	0.0026911	0.0158832	0.0007605702	0.016848065	0.0007565618	0.0168915223
0.0024903193	0.0158932265	0.003294	0.0156408	0.0009507127	0.0159894004	0.0009457022	0.0160173029
0.0029883832	0.0152995735	0.004027	0.0149628	0.0011408553	0.0154325571	0.0011348426	0.0154234702
0.003486447	0.014864793	0.0050081	0.0142032	0.0013309978	0.0149082318	0.0013239831	0.0149683459
0.0039845109	0.014535984	0.0059037	0.0139787	0.0015211403	0.0146731678	0.0015131235	0.0146165704
0.0044825748	0.0142808631	0.0067597	0.0145981	0.0017112829	0.0144457826	0.001702264	0.0143413395
0.0049806386	0.0140787233	0.0073702	0.013577	0.0019014254	0.0140225748	0.0018914044	0.0141198924
0.0054787025	0.0139157698	0.0080602	0.0134524	0.002091568	0.0140324049	0.0020805448	0.0139704272
0.0059767663	0.0137824817	0.0086623	0.0133301	0.0022817105	0.0136993257	0.0022696853	0.0138358567
0.0064748302	0.0136721293	0.0092681	0.0132505	0.002471853	0.0136294151	0.0024588257	0.0137077142
0.0069728941	0.0135798184	0.0100009	0.0138975	0.0026619956	0.0136506502	0.0026479661	0.0136189172
0.0074709579	0.0135018975	0.0106046	0.0131241	0.0028521381	0.013417149	0.0028371066	0.0135177504
0.0079690218	0.0134355975	0.0112206	0.0137401	0.0030422807	0.0135158245	0.003026247	0.0134542808
0.0084670857	0.0133787571	0.011824	0.0130258	0.0032324232	0.0135113383	0.0032153875	0.013392901
0.0089651495	0.0133297043	0.0124276	0.0136848	0.0034225658	0.0135109201	0.0034045279	0.0133369211
0.0094632134	0.0132870758	0.0130292	0.0129482	0.0036127083	0.0132729625	0.0035936683	0.0132923229
0.0099612772	0.0132498024	0.0136309	0.0136616	0.0038028508	0.0133571429	0.0037828088	0.0132503789
0.0104593411	0.0132170198	0.0142345	0.0128937	0.0039929934	0.0131758209	0.0039719492	0.0132228658
0.010957405	0.013187998	0.0148374	0.0135958	0.0041831359	0.0132775446	0.0041610897	0.0131814117
0.0114554688	0.0131621705	0.0154422	0.0128514	0.0043732785	0.0131038753	0.0043502301	0.01315335
0.0119535327	0.0131390328	0.0160441	0.0135137	0.004563421	0.0131615289	0.0045393705	0.0131409708
0.0124515966	0.0131181953	0.0166469	0.0128106	0.0047535636	0.013144345	0.004728511	0.0131122572
0.0129496604	0.0130993333	0.0172577	0.0133122	0.0049437061	0.0130708013	0.0049176514	0.0130921975
0.0134477243	0.0130821392	0.0178577	0.0127795	0.0051338486	0.0130342469	0.0051067919	0.0130798165
0.0139457881	0.0130663943	0.0185898	0.0134341	0.0053239912	0.0130460532	0.0052959323	0.0130714597
0.014443852	0.0130519187	0.0191938	0.0127682	0.0055141337	0.0130247455	0.0054850727	0.0130394707
0.0149419159	0.0130385077	0.0197966	0.0134199	0.0057042763	0.013003014	0.0056742132	0.0130204773
0.0154399797	0.0130260242	0.0204013	0.0127446	0.0058944188	0.0129687348	0.0058633536	0.0130094811
0.0159380436	0.0130143724	0.021011	0.0135623	0.0060845613	0.0129797114	0.006052494	0.0130147655
0.0164361075	0.0130034471	0.0216124	0.0127251	0.0062747039	0.0129552335	0.0062416345	0.0129944161
0.0169341713	0.012993155	0.0222148	0.0131705	0.0064648464	0.0129486192	0.0064307749	0.012982741
0.0174322352	0.0129834181	0.0229351	0.0130743	0.006654989	0.0128320483	0.0066199154	0.0129792811
0.017930299	0.0129741784	0.0236497	0.0131721	0.0068451315	0.0129317967	0.0068090558	0.0129617983
0.0184283629	0.0129653588	0.0243377	0.0130543	0.0070352741	0.0127779376	0.0069981962	0.0129485922
0.0189264268	0.0129569136	0.0249387	0.0131239	0.0072254166	0.0128406025	0.0071873367	0.0129453894
0.0194244906	0.0129488055	0.0260616	0.0126895	0.0074155591	0.0128861275	0.0073764771	0.0129324626
0.0199225545	0.0129410028	0.0267518	0.0127679	0.0076057017	0.0128843114	0.0075656176	0.0129307518
0.0204206184	0.0129334945	0.027482	0.0129451	0.0077958442	0.0129046813	0.007754758	0.0129248239
0.0209186822	0.012926233	0.0280789	0.0128855	0.0079859868	0.0128990617	0.0079438984	0.012908739
0.0214167461	0.0129191922	0.0286794	0.0126468	0.0081761293	0.0129260086	0.0081330389	0.0129136443
0.0219148099	0.0129123498	0.0294118	0.0129748	0.0083662719	0.0131501323	0.0083221793	0.012911276
0.0224128738	0.0129056843	0.0300125	0.0126405	0.0085564144	0.0129416017	0.0085113198	0.0128981732
0.0229109377	0.012899207	0.0306219	0.0128371	0.0087465569	0.0128753055	0.0087004602	0.0128833652
0.0234090015	0.0128928684	0.0312227	0.0126545	0.0089366995	0.0128650991	0.0088896006	0.0128721297
0.0239070654	0.0128866592	0.0318211	0.0138061	0.009126842	0.0129332785	0.0090787411	0.0128759891
0.0244051293	0.0128805898	0.0325023	0.012633	0.0093169846	0.0128265414	0.0092678815	0.0128760254
0.0249031931	0.0128746387	0.0334499	0.0129157	0.0095071271	0.0128524126	0.009457022	0.012865331
0.025401257	0.0128687862	0.0344066	0.0129055	0.0096972696	0.0128568904	0.0096461624	0.0128713604
0.0258993208	0.0128630456	0.0351523	0.0158714	0.0098874122	0.0127951596	0.0098353028	0.0128581822
0.0263973847	0.0128573887	0.0361045	0.0129807	0.0100775547	0.0127650164	0.0100244433	0.012849465
0.0268954486	0.0128518306	0.0370605	0.0128083	0.0102676973	0.012765429	0.0102135837	0.012837979
0.0273935124	0.0128463497	0.0377708	0.0129184	0.0104578398	0.0127989305	0.0104027241	0.0128287105
0.0278915763	0.0128409425	0.0384554	0.0125644	0.0106479824	0.0128218671	0.0105918646	0.0128281973
0.0283896402	0.0128356162	0.0393991	0.0133468	0.0108381249	0.0128339147	0.010781005	0.0128271542
0.028887704	0.0128303468	0.0400928	0.0132461	0.0110282674	0.012797677	0.0109701455	0.0128152641
0.0293857679	0.0128251482	0.0409328	0.0129797	0.01121841	0.0128159216	0.0111592859	0.0128082102
0.0298838317	0.0128200073	0.041652	0.0129569	0.0114085525	0.0127781136	0.0113484263	0.0128155388
0.0303818956	0.0128149269	0.0426758	0.012544	0.0115986951	0.0127047841	0.0115375668	0.0128112072
0.0308799595	0.012809894	0.0432885	0.0125547	0.0117888376	0.0128005492	0.0117267072	0.0128051415
0.0313780233	0.0128049301	0.0440211	0.0129793	0.0119789802	0.0126880454	0.0119158477	0.0127962288
0.0318760872	0.0127999894	0.0446222	0.0125655	0.0121691227	0.0127441082	0.0121049881	0.0127881039
