-1	0.0244935621	0.0244935621	0.0244935621	0.0244935621	0.0244935621	0.0244935621
0	0.0121214204	0.0130116856	0.0165235214	0.0165881552	0.0200983603	0.0202888399
1	0.0086717447	0.009712413	0.0157912131	0.0158891398	0.0182659589	0.0184457116
2	0.0063488707	0.0075864899	0.015101227	0.0152430404	0.0174684767	0.0176170096
3	0.0047751502	0.0059701987	0.0144453114	0.0146558592	0.0170892552	0.0172015894
4	0.0037024764	0.0047084368	0.0138216885	0.0141207548	0.0168793593	0.0169558655
5	0.0029669343	0.0040851855	0.0132287201	0.0135600297	0.0167382881	0.0168054625
6	0.0024596003	0.0033358573	0.0126648396	0.013016046	0.0166254342	0.0166959632
7	0.0021076652	0.0029400033	0.012128571	0.0125219896	0.0165243614	0.0165996905
8	0.0018621782	0.0024543859	0.0116185173	0.0120503269	0.0164284371	0.0165064074
9	0.0016900265	0.0023880042	0.0111333476	0.0116045047	0.0163349546	0.0164207071
10	0.0015686882	0.0024537717	0.0106718047	0.0111821089	0.0162428245	0.0163325276
11	0.0014827439	0.0027233744	0.0102326954	0.0107648075	0.016151581	0.016248798
12	0.0014215906	0.0022010142	0.0098148938	0.010338081	0.0160610545	0.016169874
13	0.0013778833	0.0023146742	0.0094173197	0.0099479305	0.015971154	0.0160879157
14	0.0013465144	0.0019794058	0.0090389615	0.0095784534	0.0158818476	0.0160080232
15	0.0013239132	0.0022440299	0.0086788638	0.0092204874	0.0157931205	0.015926132
16	0.0013075677	0.0019907618	0.0083361082	0.0088668335	0.015704954	0.0158455223
17	0.0012957036	0.0020489197	0.008009823	0.0085485149	0.015617351	0.0157630369
18	0.0012870643	0.0020872697	0.0076991897	0.0082336711	0.0155302966	0.015682254
19	0.0012807532	0.0021724328	0.0074034431	0.0079323826	0.0154437972	0.0156046068
20	0.0012761282	0.0020420335	0.0071218256	0.0076503516	0.0153578417	0.0155224148
21	0.0012727292	0.0022820828	0.0068536387	0.0074405717	0.0152724255	0.0154415546
22	0.001270225	0.0020049866	0.0065982216	0.0071857423	0.0151875485	0.0153621156
23	0.0012683745	0.0019854852	0.0063549448	0.0069487724	0.0151032116	0.0152867138
24	0.0012670036	0.0020538908	0.0061232075	0.0067445426	0.0150194047	0.0152147664
25	0.0012659855	0.0020317994	0.0059024454	0.0065347799	0.0149361221	0.0151337376
26	0.0012652277	0.0020264045	0.0056921178	0.0063248663	0.0148533648	0.0150573701
27	0.0012646617	0.0020161755	0.0054917084	0.0061239093	0.0147711346	0.0149778016
28	0.0012642383	0.0021024756	0.0053007253	0.0059375861	0.0146894185	0.0149023393
29	0.0012639214	0.0023272648	0.0051187184	0.0057447129	0.0146082155	0.0148248151
30	0.0012636828	0.0024243742	0.004945254	0.0055720289	0.0145275211	0.0147458743
31	0.0012635029	0.0022646752	0.0047799028	0.0053965426	0.0144473389	0.0146710603
32	0.0012633674	0.0021017753	0.0046222806	0.0052112602	0.0143676577	0.0145931812
33	0.0012632643	0.0022539729	0.0044720061	0.0050380328	0.0142884823	0.0145162782
34	0.0012631865	0.0026852617	0.0043287282	0.0048912265	0.0142098023	0.0144357225
35	0.0012631267	0.0023571732	0.004192105	0.0047471607	0.0141316112	0.01435488
36	0.0012630812	0.0021922204	0.0040618186	0.0046035834	0.0140539138	0.0142816175
37	0.0012630465	0.0020220517	0.0039375629	0.0044717812	0.0139767118	0.0142059755
38	0.0012630201	0.0022455049	0.0038190384	0.0043273955	0.0138999866	0.0141322538
39	0.0012629995	0.0021764527	0.0037059891	0.0041737133	0.0138237476	0.014056039
40	0.0012629838	0.0021631692	0.0035981301	0.0040682238	0.0137479873	0.0139794005
41	0.0012629713	0.0023148679	0.0034952275	0.0039260727	0.013672702	0.0139092114
42	0.0012629619	0.002402941	0.0033970333	0.0038445706	0.013597887	0.0138354292
43	0.0012629541	0.0023865881	0.0033033348	0.0037112124	0.0135235442	0.0137631772
44	0.0012629483	0.0022072182	0.0032139183	0.0036239636	0.013449667	0.0136896428
45	0.0012629438	0.0033010177	0.0031285768	0.0035082465	0.0133762509	0.0136178937
46	0.00126294	0.0020658707	0.0030471159	0.0034226037	0.0133033004	0.0135462647
47	0.0012629371	0.0021333206	0.0029693516	0.0033298577	0.0132308044	0.0134738162
48	0.0012629349	0.001960323	0.0028951138	0.0032381988	0.0131587619	0.0134020718
49	0.001262933	0.0021016684	0.0028242317	0.0031377068	0.0130871721	0.0133289248
50	0.001262932	0.0020773332	0.0027565472	0.0030587555	0.0130160311	0.0132574877
51	0.0012629302	0.0020361217	0.0026919169	0.0029750536	0.0129453382	0.0131867202
52	0.0012629294	0.0022402664	0.0026301886	0.0028851461	0.0128750838	0.0131171085
53	0.0012629282	0.0022269245	0.0025712382	0.0028459325	0.0128052644	0.0130455215
54	0.0012629278	0.002194037	0.0025149337	0.0027827222	0.0127358856	0.012979025
55	0.0012629274	0.0020915996	0.0024611426	0.0027470693	0.0126669388	0.0129114976
56	0.0012629271	0.0021876262	0.0024097566	0.0026722194	0.0125984242	0.0128441807
57	0.0012629268	0.0022722899	0.0023606548	0.0026244677	0.0125303427	0.0127785513
58	0.0012629261	0.0020709601	0.0023137315	0.002573844	0.0124626886	0.012712772
59	0.001262926	0.0019998371	0.0022688971	0.0025176881	0.0123954564	0.012645619
60	0.0012629257	0.0025034887	0.0022260526	0.0024543596	0.0123286434	0.0125766248
61	0.0012629257	0.0019520228	0.0021851012	0.0024162934	0.0122622484	0.0125120841
62	0.0012629254	0.0019400835	0.0021459553	0.002374734	0.0121962689	0.0124515723
63	0.0012629252	0.0023334648	0.0021085332	0.0023367493	0.0121307001	0.0123844538
