-1	0.25	0.25	0.25	0.25
0	0.0259185843	0.0259176232	0.0440480895	0.0440124869
1	0.0203517973	0.0206425805	0.0365425125	0.036594402
2	0.0172507726	0.0174853485	0.0335135944	0.0335447043
3	0.0152388662	0.0153557099	0.0314133391	0.0314861462
4	0.0138271088	0.0139366426	0.0297473166	0.0297802202
5	0.0127817551	0.0129562188	0.0283550341	0.0284656174
6	0.0119753471	0.0122053679	0.0271572322	0.0272095725
7	0.0113326758	0.011554067	0.0261063054	0.0261392258
8	0.0108068725	0.0114424732	0.0251708683	0.0252726469
9	0.0103673218	0.0105555411	0.024328934	0.0243172608
10	0.009993284	0.0101932883	0.0235644449	0.0236319862
11	0.0096701784	0.0099146962	0.0228653718	0.0229707547
12	0.0093875434	0.0102878846	0.0222223252	0.0222566277
13	0.0091375671	0.0098657021	0.0216279756	0.0217023958
14	0.0089144194	0.0091687059	0.0210763328	0.0211521816
15	0.0087135714	0.009043891	0.0205625016	0.0206351057
16	0.0085315043	0.008996536	0.020082403	0.0200505909
17	0.0083654104	0.0087915873	0.0196326114	0.0197114758
18	0.0082130218	0.0087140249	0.0192101579	0.0192586053
19	0.0080725271	0.0088269934	0.0188125391	0.0188049003
20	0.0079423739	0.0085320026	0.0184375532	0.018441068
21	0.0078213476	0.0081658103	0.0180832595	0.0180898793
22	0.0077083898	0.0080960672	0.0177479573	0.017782744
23	0.0076025901	0.0079644956	0.0174301695	0.0174315833
24	0.0075031985	0.0080644833	0.0171284955	0.0172373764
25	0.0074095898	0.0077985902	0.0168417674	0.0168352425
26	0.0073211822	0.0078682015	0.0165689029	0.0166216958
27	0.0072374884	0.0079790354	0.0163089074	0.0164084677
28	0.0071581104	0.0077076447	0.0160609093	0.0161840674
29	0.0070826481	0.0078130011	0.0158240963	0.0158222876
30	0.0070107919	0.0074520162	0.0155977271	0.0156368874
31	0.0069422415	0.0078294752	0.0153811267	0.015468413
32	0.0068767574	0.007493794	0.0151737025	0.0151991416
33	0.0068140877	0.0076312632	0.01497488	0.015015129
34	0.00675405	0.0073035317	0.014784134	0.0148314731
35	0.0066964366	0.0073957723	0.0146009754	0.014663781
36	0.0066410955	0.0074918862	0.0144249601	0.0144370934
37	0.006587876	0.007043513	0.0142557016	0.0142467562
38	0.0065366486	0.0069771069	0.0140928105	0.0140954005
39	0.006487261	0.0074874521	0.0139359357	0.0140299005
40	0.0064396244	0.0071571027	0.0137847429	0.01382156
41	0.0063936366	0.0070252246	0.0136389351	0.0137167145
42	0.0063491915	0.0069452329	0.0134982234	0.013507342
43	0.0063062059	0.0081161186	0.0133623444	0.0133853238
44	0.0062645911	0.0071053528	0.0132310381	0.013245333
45	0.0062242872	0.0071371365	0.013104097	0.0131529961
46	0.0061852126	0.0068776482	0.0129813068	0.0130337486
47	0.0061473171	0.0069957403	0.0128624467	0.0129337963
48	0.0061105448	0.0074117584	0.0127473334	0.0128334835
49	0.0060748137	0.006628931	0.0126358084	0.0126789045
50	0.0060401056	0.0067927577	0.0125276549	0.0125455288
51	0.0060063503	0.0068257339	0.0124227749	0.0125118857
52	0.0059735081	0.0071293106	0.0123209879	0.0123870978
53	0.0059415409	0.0066682003	0.012222155	0.0122858128
54	0.005910424	0.0065335422	0.0121261626	0.0122350873
55	0.0058800913	0.0065802182	0.0120328683	0.0120988693
56	0.0058505321	0.0067870058	0.0119421734	0.0121110976
57	0.0058217035	0.0067733321	0.0118539529	0.0119917905
58	0.0057935836	0.0066052722	0.0117681082	0.011814069
59	0.0057661277	0.0074072601	0.0116845425	0.0117595084
60	0.0057393266	0.0066187368	0.011603157	0.0117082978
61	0.005713149	0.0066503133	0.011523867	0.0115441727
62	0.0056875623	0.0070185699	0.0114465905	0.011480906
63	0.0056625595	0.0062351301	0.0113712633	0.0113966577
