0	0.3758688569	0	0.3758688	0	0.3758688569	0	0.3758688569	0	0.3758688569
0.5173480138	0.0065871212	0.0458463	0.0070444	0.00422775	0.0070917704	0.0079433434	0.0068005444	0.0253227316	0.0065899612
1.0346960276	0.0062766923	0.091866	0.0065928	0.0084555	0.0062667434	0.0158866867	0.0065222178	0.0506454632	0.0062841424
1.5520440415	0.0061487011	0.14345	0.0061376	0.01268325	0.0061805844	0.0238300301	0.0063253664	0.0759681948	0.0061571496
2.0693920553	0.0060811257	0.1868415	0.0064671	0.016911	0.0061938572	0.0317733735	0.0062442576	0.1012909263	0.0060897693
2.5867400691	0.0060394811	0.227678	0.0062609	0.02113875	0.0060555171	0.0397167169	0.0061180205	0.1266136579	0.0060486998
3.1040880829	0.0060108677	0.2728374	0.0060605	0.0253665	0.0062425607	0.0476600602	0.0060943575	0.1519363895	0.0060195606
3.6214360967	0.005989613	0.319176	0.0064345	0.02959425	0.0061360872	0.0556034036	0.0061065867	0.1772591211	0.0059980452
4.1387841105	0.0059729051	0.3653723	0.0059514	0.033822	0.0060177986	0.063546747	0.0060052685	0.2025818527	0.0059810355
4.6561321244	0.0059592198	0.4069875	0.0059322	0.03804975	0.0060302252	0.0714900903	0.0060592443	0.2279045843	0.0059677288
5.1734801382	0.00594767	0.4563395	0.0064624	0.0422775	0.0060691149	0.0794334337	0.0059711672	0.2532273158	0.0059573245
5.690828152	0.0059377057	0.4976635	0.0059331	0.04650525	0.0062450911	0.0873767771	0.0060991743	0.2785500474	0.0059467936
6.2081761658	0.0059289336	0.5414467	0.0061429	0.050733	0.0060001109	0.0953201205	0.0059830984	0.303872779	0.0059379083
6.7255241796	0.0059211096	0.5828785	0.0060218	0.05496075	0.0059972443	0.1032634638	0.0060309353	0.3291955106	0.0059305839
7.2428721935	0.0059140641	0.6277634	0.0060101	0.0591885	0.0061192508	0.1112068072	0.0060379384	0.3545182422	0.0059236954
7.7602202073	0.0059076622	0.6708601	0.0063275	0.0634162501	0.0059471671	0.1191501506	0.0059911343	0.3798409738	0.0059166793
8.2775682211	0.0059017967	0.7174505	0.0058808	0.0676440001	0.0060108691	0.1270934939	0.0059502097	0.4051637053	0.0059117023
8.7949162349	0.0058963965	0.7628134	0.0062694	0.0718717501	0.0059939758	0.1350368373	0.0059512635	0.4304864369	0.0059064026
9.3122642487	0.0058913999	0.808223	0.0062978	0.0760995001	0.0059504136	0.1429801807	0.0060544559	0.4558091685	0.0059016235
9.8296122625	0.0058867577	0.8556099	0.0062925	0.0803272501	0.0060237017	0.1509235241	0.006049105	0.4811319001	0.0058968845
10.3469602764	0.0058824327	0.8993679	0.0058768	0.0845550001	0.005985159	0.1588668674	0.006003411	0.5064546317	0.0058924388
10.8643082902	0.0058783693	0.9467223	0.0058589	0.0887827501	0.0060036001	0.1668102108	0.0059552561	0.5317773633	0.0058890288
11.381656304	0.0058745625	0.9915428	0.0059968	0.0930105001	0.006060292	0.1747535542	0.00595641	0.5571000949	0.0058859577
11.8990043178	0.0058709765	1.0353546	0.006086	0.0972382501	0.0060332762	0.1826968975	0.0059520002	0.5824228264	0.0058821826
12.4163523316	0.0058676172	1.0799149	0.0060837	0.1014660001	0.0060402593	0.1906402409	0.0059779864	0.607745558	0.0058787917
12.9337003455	0.0058644344	1.1239335	0.0058401	0.1056937501	0.0059620854	0.1985835843	0.0059114289	0.6330682896	0.0058755893
13.4510483593	0.0058614188	1.1755601	0.0062658	0.1099215001	0.0061374372	0.2065269276	0.005911292	0.6583910212	0.0058733416
13.9683963731	0.0058585573	1.2229332	0.0058398	0.1141492501	0.0060506808	0.214470271	0.005913151	0.6837137528	0.005870509
14.4857443869	0.0058558527	1.273926	0.0058554	0.1183770001	0.0060972879	0.2224136144	0.0059763929	0.7090364844	0.0058684605
15.0030924007	0.0058532781	1.3186635	0.0059228	0.1226047501	0.0059992489	0.2303569578	0.0058775228	0.7343592159	0.0058656214
15.5204404145	0.0058508427	1.3637791	0.0062282	0.1268325001	0.0060682637	0.2383003011	0.0058651958	0.7596819475	0.0058649099
16.0377884284	0.0058485013	1.4106416	0.006065	0.1310602501	0.0059554111	0.2462436445	0.0058892081	0.7850046791	0.0058628041
16.5551364422	0.0058462732	1.4569589	0.0060581	0.1352880001	0.0059228153	0.2541869879	0.0058935652	0.8103274107	0.0058600893
17.072484456	0.0058441572	1.5056711	0.0062568	0.1395157501	0.0059543555	0.2621303312	0.0059701283	0.8356501423	0.0058582793
17.5898324698	0.0058421316	1.5488779	0.0058243	0.1437435001	0.0060078758	0.2700736746	0.0058685802	0.8609728739	0.0058567468
18.1071804836	0.0058401944	1.5984298	0.005823	0.1479712501	0.0059480425	0.278017018	0.0060101729	0.8862956055	0.0058551105
18.6245284975	0.0058383546	1.6435698	0.0058591	0.1521990001	0.0072443113	0.2859603614	0.0058453218	0.911618337	0.0058537913
19.1418765113	0.0058365851	1.6883711	0.0062933	0.1564267501	0.0059726797	0.2939037047	0.0058543668	0.9369410686	0.005851767
19.6592245251	0.0058348947	1.7325349	0.0060512	0.1606545001	0.00603654	0.3018470481	0.0058782981	0.9622638002	0.0058506043
20.1765725389	0.0058332765	1.7781686	0.0062056	0.1648822501	0.0063271606	0.3097903915	0.0058737663	0.9875865318	0.0058499025
20.6939205527	0.0058317273	1.8197926	0.0062364	0.1691100001	0.0059183631	0.3177337348	0.0059966352	1.0129092634	0.0058494434
21.2112685665	0.0058302227	1.8624719	0.0062151	0.1733377501	0.0059271883	0.3256770782	0.0058346591	1.038231995	0.0058478434
21.7286165804	0.0058287871	1.9041108	0.0058817	0.1775655001	0.006130246	0.3336204216	0.0059934352	1.0635547265	0.0058455826
22.2459645942	0.0058274264	1.9490637	0.0065456	0.1817932501	0.0059650387	0.341563765	0.005924528	1.0888774581	0.0058460757
22.763312608	0.0058261072	1.996325	0.0061391	0.1860210001	0.0059816726	0.3495071083	0.0058428706	1.1142001897	0.0058451225
23.2806606218	0.0058248374	2.0444642	0.005808	0.1902487502	0.0060199904	0.3574504517	0.0058338577	1.1395229213	0.0058436464
23.7980086356	0.0058236155	2.0880647	0.0058066	0.1944765002	0.0059380778	0.3653937951	0.0058741341	1.1648456529	0.0058425963
24.3153566495	0.0058224499	2.1319295	0.0058078	0.1987042502	0.0065847072	0.3733371384	0.0058720955	1.1901683845	0.005843156
24.8327046633	0.0058213277	2.1720274	0.0061059	0.2029320002	0.0059294305	0.3812804818	0.0058475044	1.215491116	0.0058415607
25.3500526771	0.0058202399	2.2185472	0.0058038	0.2071597502	0.005928983	0.3892238252	0.0058307531	1.2408138476	0.0058408133
25.8674006909	0.0058191936	2.2617186	0.0064886	0.2113875002	0.0061957617	0.3971671686	0.005915958	1.2661365792	0.0058400049
26.3847487047	0.0058181873	2.3098663	0.00622	0.2156152502	0.0062618502	0.4051105119	0.0060409093	1.2914593108	0.0058399383
26.9020967185	0.0058172271	2.3523855	0.0057993	0.2198430002	0.0059948764	0.4130538553	0.0058432929	1.3167820424	0.0058388994
27.4194447324	0.0058162962	2.3932993	0.0058172	0.2240707502	0.0058812532	0.4209971987	0.0058393874	1.342104774	0.005838207
27.9367927462	0.0058153863	2.4390662	0.0062155	0.2282985002	0.0060100034	0.428940542	0.0059133354	1.3674275056	0.0058375373
28.45414076	0.0058145327	2.4873981	0.0058151	0.2325262502	0.0060305716	0.4368838854	0.0058439127	1.3927502371	0.0058371308
28.9714887738	0.0058136936	2.5322925	0.0061969	0.2367540002	0.0060454584	0.4448272288	0.0058440766	1.4180729687	0.0058369539
29.4888367876	0.0058128918	2.5800884	0.0057941	0.2409817502	0.0061740205	0.4527705722	0.0058431909	1.4433957003	0.0058363434
30.0061848015	0.0058121136	2.6270907	0.0057947	0.2452095002	0.0060662166	0.4607139155	0.005895949	1.4687184319	0.0058362084
30.5235328153	0.0058113709	2.6685002	0.0062003	0.2494372502	0.0059409002	0.4686572589	0.0058574192	1.4940411635	0.0058360519
31.0408808291	0.0058106515	2.7115867	0.0060003	0.2536650002	0.0061191912	0.4766006023	0.0058730058	1.5193638951	0.0058354973
31.5582288429	0.0058099497	2.7593209	0.0058858	0.2578927502	0.0059271916	0.4845439456	0.0058789528	1.5446866266	0.0058357609
32.0755768567	0.005809282	2.8007532	0.0061004	0.2621205002	0.0064240019	0.492487289	0.0058488618	1.5700093582	0.0058355057
32.5929248706	0.0058086384	2.8502214	0.0061832	0.2663482502	0.0061953883	0.5004306324	0.0059751021	1.5953320898	0.0058341315
33.1102728844	0.0058080186	2.8902594	0.0057906	0.2705760002	0.0061179823	0.5083739758	0.0058504343	1.6206548214	0.005833515
