%-1	0.25	0.25	0.25	0.25	0.25	0.25	0.25
0	0.0259185843	0.0259217676	0.0259596705	0.0259313043	0.0259156041	0.0260314383	0.0259598661
1	0.0203517973	0.0204579756	0.0204227027	0.0204057097	0.0203333162	0.0203950349	0.020413449
2	0.0172507726	0.0173204169	0.0172656383	0.0173091087	0.017262429	0.0172564909	0.0172907878
3	0.0152388662	0.0152984997	0.0152586857	0.0152917886	0.0152623365	0.0152649153	0.0153212193
4	0.0138271088	0.0138991186	0.0138510363	0.0139368912	0.0138743771	0.013900687	0.0138977366
5	0.0127817551	0.0128404684	0.012857615	0.0128465975	0.012859283	0.0129112368	0.0129008107
6	0.0119753471	0.0120380633	0.0120479511	0.0120308865	0.0119998129	0.012019244	0.0120779853
7	0.0113326758	0.0114504509	0.0113619817	0.0113949105	0.0114331981	0.0113962768	0.0114849573
8	0.0108068725	0.0108955996	0.0108481888	0.010852824	0.0108226817	0.0109242303	0.0109381182
9	0.0103673218	0.0104497122	0.0104285059	0.0104425168	0.0103968261	0.0105446903	0.0105490908
10	0.009993284	0.0100676846	0.0100589339	0.0100637637	0.0100436118	0.0100735808	0.0101562068
11	0.0096701784	0.009759374	0.0097224573	0.0097141657	0.0098247183	0.0097671598	0.0098761022
12	0.0093875434	0.0094330078	0.0094178328	0.0094630737	0.0095511759	0.0095436042	0.0095779942
13	0.0091375671	0.0092188306	0.0092494106	0.0092226528	0.0092699537	0.009365432	0.0093659675
14	0.0089144194	0.0090913959	0.009077901	0.0090177227	0.0089703407	0.0090293679	0.0091346428
15	0.0087135714	0.0087786866	0.0088038659	0.0088670822	0.0088937292	0.0088401223	0.0089629749
16	0.0085315043	0.0086262813	0.0086189713	0.0086009772	0.0085758045	0.0087198857	0.0087768203
17	0.0083654104	0.0084644575	0.0085059218	0.0085977083	0.0084214862	0.008641256	0.0086337077
18	0.0082130218	0.0083120037	0.0083733639	0.0083366865	0.0083173411	0.0083614206	0.0084847985
19	0.0080725271	0.0081940051	0.008126474	0.0082049845	0.0083437609	0.0082271136	0.0083581787
20	0.0079423739	0.0081502572	0.0080739185	0.0080897678	0.0081678359	0.0081641078	0.0082399072
21	0.0078213476	0.0079170326	0.0079774428	0.0079217274	0.0080189854	0.0081459107	0.008121714
22	0.0077083898	0.0078414232	0.0077651609	0.0078108828	0.0077927178	0.0078929979	0.0080300253
23	0.0076025901	0.0077303452	0.0076458962	0.0076975706	0.0078590726	0.007782042	0.0079199569
24	0.0075031985	0.0078648962	0.0076468387	0.0076090763	0.0075849127	0.0077504101	0.0078467876
25	0.0074095898	0.0075231525	0.0074889106	0.0075189406	0.0074911253	0.0077793547	0.0077411951
26	0.0073211822	0.0074555119	0.0074424967	0.0074045113	0.0074912035	0.0075453534	0.0076881461
27	0.0072374884	0.0074126427	0.0073871478	0.0073146424	0.0076136105	0.0074405624	0.007584461
28	0.0071581104	0.0073055415	0.0072343224	0.0072555356	0.0074127675	0.0074263373	0.007546756
29	0.0070826481	0.0072322451	0.0071869679	0.0072618406	0.0073436922	0.0074840789	0.0074418951
30	0.0070107919	0.007098739	0.0071780891	0.007147796	0.0071204039	0.0072712479	0.0074189203
31	0.0069422415	0.0070438194	0.0070355148	0.0072090561	0.0072688065	0.0071663572	0.0073172087
32	0.0068767574	0.006968277	0.0071786931	0.006980224	0.0069957525	0.0071724746	0.0073068687
33	0.0068140877	0.0068938937	0.006974333	0.0070411433	0.0069212741	0.0072597261	0.0072046993
34	0.00675405	0.0068970663	0.0068250969	0.0069486466	0.0069831321	0.0070507284	0.0072055366
35	0.0066964366	0.0068000308	0.0068959803	0.0068301563	0.0071549122	0.0069408538	0.0071018878
36	0.0066410955	0.0067741415	0.0067200749	0.0067729237	0.0069232853	0.0069584651	0.0071110879
37	0.006587876	0.006668949	0.0067348951	0.0067213923	0.0069232583	0.0070640775	0.0070084413
38	0.0065366486	0.0069096992	0.0067143124	0.0066683972	0.0066710957	0.006870524	0.0070269974
39	0.006487261	0.0066906065	0.0067086364	0.0066111824	0.00686784	0.0067502768	0.0069238455
40	0.0064396244	0.0068391087	0.0065654991	0.0066236272	0.0065983869	0.0067818738	0.0069510224
41	0.0063936366	0.0064843218	0.0066375714	0.0065467763	0.0065269778	0.0069024707	0.0068457685
42	0.0063491915	0.0064546969	0.0067158863	0.0064559453	0.0066423151	0.0067174658	0.0068775159
43	0.0063062059	0.006495859	0.0064107622	0.0064275209	0.0068252231	0.0065871696	0.0067745834
44	0.0062645911	0.0063200532	0.0064173169	0.0064123091	0.0065642311	0.0066261864	0.0068131317
45	0.0062242872	0.0063068541	0.0063754935	0.0064907772	0.0066059753	0.0067653065	0.0067081447
46	0.0061852126	0.0063528251	0.0066135349	0.0063391919	0.0063402005	0.006590093	0.0067519029
47	0.0061473171	0.0062621837	0.0064593907	0.0065197512	0.0065772361	0.00644468	0.0066481642
48	0.0061105448	0.0063241376	0.0062777079	0.0062439088	0.0063015753	0.0064946357	0.0066956794
49	0.0060748137	0.0061817407	0.0062512085	0.0062933774	0.0062339352	0.0066467705	0.0065925345
50	0.0060401056	0.0062698973	0.006216025	0.006296061	0.006394641	0.0064746435	0.0066419328
51	0.0060063503	0.0061032078	0.0060819499	0.0061434843	0.0065933126	0.0063198912	0.0065418561
52	0.0059735081	0.0060427445	0.0061030244	0.0061006192	0.0062855878	0.0063780295	0.006595213
53	0.0059415409	0.0061107832	0.0060726409	0.0061177202	0.0063797175	0.0065455246	0.006494632
54	0.005910424	0.0060457308	0.0060018445	0.0060621439	0.0060848827	0.0063820407	0.0065490329
55	0.0058800913	0.0062193796	0.0059533636	0.0060334709	0.0063528996	0.0062093874	0.0064501483
56	0.0058505321	0.0059516709	0.0061568134	0.0060994104	0.0060757026	0.0062785777	0.0065077688
57	0.0058217035	0.005902132	0.0059597516	0.0060326806	0.0060056862	0.0064540645	0.0064101149
58	0.0057935836	0.0060007013	0.0060214303	0.0059368135	0.0062074875	0.0062998715	0.0064682346
59	0.0057661277	0.0065006618	0.006061662	0.0059295609	0.0064149494	0.0061103255	0.006371811
60	0.0057393266	0.0058796783	0.0058579021	0.0059419707	0.0060669892	0.0061896527	0.0064289463
61	0.005713149	0.0058183251	0.0059095765	0.0060514016	0.0061861882	0.0063703149	0.006337319
62	0.0056875623	0.0059101065	0.0060307384	0.0058520357	0.0058767535	0.0062267957	0.0063950238
63	0.0056625595	0.0057361322	0.0057381806	0.0061392542	0.0061805244	0.0060203392	0.0063062031
