0	0.2502500117	0	0.25025	0	0.2502500117	0	0.2502500117
0.0491987169	0.1111228764	0.0197032	0.1111969	0.005467657	0.1142981201	0.0113225766	0.1110558808
0.0983974338	0.1008101776	0.0377064	0.1095945	0.010935314	0.1051085591	0.0226451531	0.1007015035
0.1475961506	0.0928106532	0.0583726	0.1077999	0.016402971	0.092596963	0.0339677297	0.0926815718
0.1967948675	0.0863532871	0.078588	0.0864147	0.021870628	0.0863453224	0.0452903062	0.0861906037
0.2459935844	0.0810563937	0.1009113	0.1034185	0.027338285	0.0811389908	0.0566128828	0.0809735134
0.2951923013	0.0766747445	0.1187008	0.0970886	0.032805942	0.0773382857	0.0679354593	0.0766787678
0.3443910182	0.0730288848	0.1416108	0.0938529	0.038273599	0.0737046674	0.0792580359	0.0729895905
0.393589735	0.0699796602	0.1605422	0.0929932	0.043741256	0.0714024827	0.0905806124	0.0699534267
0.4427884519	0.0674166828	0.1793395	0.0675559	0.049208913	0.0696988627	0.101903189	0.0674190968
0.4919871688	0.0652514622	0.2005349	0.0659897	0.05467657	0.0661667138	0.1132257655	0.0652241185
0.5411858857	0.0634126291	0.2181863	0.0667597	0.060144227	0.0681623444	0.1245483421	0.0633545071
0.5903846025	0.061842598	0.2384176	0.0802156	0.065611884	0.0647385865	0.1358709186	0.0617973432
0.6395833194	0.0604946092	0.2562404	0.076589	0.071079541	0.0634956807	0.1471934952	0.0604891293
0.6887820363	0.0593307056	0.2772322	0.0598514	0.076547198	0.063173376	0.1585160717	0.0593010075
0.7379807532	0.0583200008	0.2974218	0.0741738	0.082014855	0.064206548	0.1698386483	0.0583202392
0.7871794701	0.0574372746	0.3167761	0.0725635	0.087482512	0.0596921518	0.1811612248	0.057412181
0.8363781869	0.0566619262	0.3346185	0.0710498	0.092950169	0.0636550933	0.1924838014	0.056642659
0.8855769038	0.055977039	0.3523726	0.0558892	0.098417826	0.0657568201	0.2038063779	0.0559505448
0.9347756207	0.0553686954	0.3703851	0.0556907	0.103885483	0.0628445894	0.2151289545	0.0553594716
0.9839743376	0.05482544	0.3908902	0.055033	0.10935314	0.062791951	0.2264515311	0.0548077524
1.0331730545	0.0543377511	0.4098913	0.0707412	0.114820797	0.0596533939	0.2377741076	0.0543387942
1.0823717713	0.0538977832	0.4296512	0.0540725	0.120288454	0.0643223375	0.2490966842	0.0539086014
1.1315704882	0.0534989946	0.447373	0.0697795	0.125756111	0.0584107488	0.2604192607	0.0534966439
1.1807692051	0.0531358346	0.4663022	0.0656576	0.131223768	0.0575836562	0.2717418373	0.0531290881
1.229967922	0.052803766	0.4891141	0.0534645	0.136691425	0.0566154607	0.2830644138	0.0528000854
1.2791666389	0.0524989031	0.5080083	0.0704909	0.142159082	0.0606143065	0.2943869904	0.052478496
1.3283653557	0.052217938	0.528245	0.0530841	0.147626739	0.059128575	0.3057095669	0.0522227101
1.3775640726	0.0519581437	0.5484596	0.063484	0.153094396	0.0578308217	0.3170321435	0.0519531146
1.4267627895	0.05171711	0.5703914	0.0521803	0.158562053	0.0565709211	0.32835472	0.0517015383
1.4759615064	0.0514928102	0.5917584	0.051508	0.16402971	0.0561058894	0.3396772966	0.0514903329
1.5251602232	0.051283516	0.614591	0.0509437	0.169497367	0.0553107299	0.3509998731	0.0512743667
1.5743589401	0.0510876998	0.6362058	0.0620529	0.174965024	0.0550561883	0.3623224497	0.0511010736
1.623557657	0.0509040728	0.6560466	0.0513929	0.180432681	0.0544507951	0.3736450262	0.0509107597
1.6727563739	0.0507314764	0.6756848	0.0630702	0.185900338	0.0551175661	0.3849676028	0.0507196896
1.7219550908	0.0505689271	0.6953697	0.050517	0.191367995	0.0555864088	0.3962901793	0.0505482592
1.7711538076	0.050415542	0.7152139	0.0609216	0.196835652	0.0555678457	0.4076127559	0.0504205227
1.8203525245	0.0502705611	0.7352239	0.050343	0.202303309	0.0526697747	0.4189353324	0.0502715372
1.8695512414	0.0501332656	0.7577495	0.050414	0.207770966	0.0544758961	0.430257909	0.0501421615
1.9187499583	0.0500030778	0.7750166	0.0632792	0.213238623	0.0536428057	0.4415804856	0.04998051
1.9679486752	0.0498794429	0.7949955	0.0498433	0.21870628	0.0524799563	0.4529030621	0.0498650447
2.017147392	0.0497618653	0.8172467	0.0621922	0.224173937	0.0522989444	0.4642256387	0.0497519374
2.0663461089	0.0496499203	0.8368566	0.0499272	0.229641594	0.0526452996	0.4755482152	0.0496345274
2.1155448258	0.0495432094	0.8586061	0.0623269	0.235109251	0.0523775257	0.4868707918	0.0495176502
2.1647435427	0.0494413711	0.8787012	0.0491443	0.240576908	0.0533802435	0.4981933683	0.0494324751
2.2139422596	0.049344074	0.8963103	0.0604223	0.246044565	0.0517254211	0.5095159449	0.049340345
2.2631409764	0.0492510237	0.9154352	0.0603842	0.251512222	0.0516283922	0.5208385214	0.0492317863
2.3123396933	0.0491619706	0.9355151	0.0493987	0.256979879	0.0541220717	0.532161098	0.0491442233
2.3615384102	0.0490766466	0.9546466	0.0587029	0.262447536	0.0510983691	0.5434836745	0.0490683801
2.4107371271	0.0489948243	0.9721596	0.0582184	0.267915193	0.0512627214	0.5548062511	0.0489940904
2.4599358439	0.0489163026	0.9916474	0.0620279	0.27338285	0.0509757847	0.5661288276	0.0489121079
2.5091345608	0.0488408953	1.0088383	0.0500777	0.278850507	0.0514797233	0.5774514042	0.0488331839
2.5583332777	0.0487684235	1.028004	0.048937	0.284318164	0.0511242114	0.5887739807	0.0487626009
2.6075319946	0.0486987047	1.050222	0.0488538	0.289785821	0.0514527895	0.6000965573	0.0486766919
2.6567307115	0.0486316346	1.0712183	0.0592592	0.295253478	0.0506203398	0.6114191338	0.0486185588
2.7059294283	0.0485669971	1.0901082	0.0582224	0.300721135	0.0515443534	0.6227417104	0.048563078
2.7551281452	0.0485047325	1.1123862	0.0572947	0.306188792	0.0510514453	0.6340642869	0.0484971143
2.8043268621	0.0484446734	1.1326132	0.0485699	0.311656449	0.0506122969	0.6453868635	0.0484417379
2.853525579	0.048386734	1.1529059	0.0478687	0.317124106	0.0504801497	0.6567094401	0.0483717956
2.9027242959	0.0483307876	1.1732321	0.0478244	0.322591763	0.050328806	0.6680320166	0.048321072
2.9519230127	0.0482767485	1.1922182	0.0480759	0.32805942	0.0503282547	0.6793545932	0.048272334
3.0011217296	0.0482245274	1.211958	0.0616995	0.333527077	0.0501121245	0.6906771697	0.0482157581
3.0503204465	0.0481740274	1.2297403	0.0579977	0.338994734	0.0507494844	0.7019997463	0.0481578261
3.0995191634	0.0481251627	1.2487426	0.0480466	0.344462391	0.0503883548	0.7133223228	0.048107367
3.1487178802	0.048077859	1.270154	0.0608457	0.349930048	0.0500670709	0.7246448994	0.0480642989
