-1	0.0244935621	0.0244935621	0.0244935621	0.0244935621
0	0.0121214204	0.0130116856	0.0136737656	0.0121225668
1	0.0086717447	0.009712413	0.0107778637	0.0086695673
2	0.0063488707	0.0075864899	0.0085724983	0.0063457615
3	0.0047751502	0.0059701987	0.0069377916	0.0047726622
4	0.0037024764	0.0047084368	0.0056114164	0.003702085
5	0.0029669343	0.0040851855	0.0046719383	0.0029650461
6	0.0024596003	0.0033358573	0.0038509185	0.0024569926
7	0.0021076652	0.0029400033	0.0031962977	0.0021061862
8	0.0018621782	0.0024543859	0.0026885676	0.0018608379
9	0.0016900265	0.0023880042	0.0023663261	0.0016905706
10	0.0015686882	0.0024537717	0.0021477053	0.0015696558
11	0.0014827439	0.0027233744	0.0020395322	0.0014823056
12	0.0014215906	0.0022010142	0.0018330726	0.0014216335
13	0.0013778833	0.0023146742	0.0017304844	0.0013776693
14	0.0013465144	0.0019794058	0.0016321108	0.0013466441
15	0.0013239132	0.0022440299	0.0016211086	0.0013231997
16	0.0013075677	0.0019907618	0.0015407669	0.0013071656
17	0.0012957036	0.0020489197	0.0014649889	0.0012957045
18	0.0012870643	0.0020872697	0.0014368905	0.0012874501
19	0.0012807532	0.0021724328	0.0014105979	0.0012812512
20	0.0012761282	0.0020420335	0.0013797332	0.001276953
21	0.0012727292	0.0022820828	0.0013665694	0.0012742692
22	0.001270225	0.0020049866	0.0013504548	0.0012696822
23	0.0012683745	0.0019854852	0.0013627523	0.001268559
24	0.0012670036	0.0020538908	0.0013576403	0.0012674718
25	0.0012659855	0.0020317994	0.001324377	0.0012656675
26	0.0012652277	0.0020264045	0.0013122915	0.0012647687
27	0.0012646617	0.0020161755	0.0013515833	0.0012643036
28	0.0012642383	0.0021024756	0.0013714959	0.0012643641
29	0.0012639214	0.0023272648	0.001296425	0.0012636747
30	0.0012636828	0.0024243742	0.0012931506	0.0012633803
31	0.0012635029	0.0022646752	0.0013296311	0.0012636004
32	0.0012633674	0.0021017753	0.0013323945	0.0012628337
33	0.0012632643	0.0022539729	0.0013533997	0.0012634331
34	0.0012631865	0.0026852617	0.0014144001	0.001263843
35	0.0012631267	0.0023571732	0.0014395047	0.0012624047
36	0.0012630812	0.0021922204	0.0013098952	0.0012638924
37	0.0012630465	0.0020220517	0.0013089001	0.0012633192
38	0.0012630201	0.0022455049	0.0013034868	0.0012643227
39	0.0012629995	0.0021764527	0.0012913019	0.0012631378
40	0.0012629838	0.0021631692	0.0012983355	0.0012639842
41	0.0012629713	0.0023148679	0.0013028349	0.0012636471
42	0.0012629619	0.002402941	0.0013157366	0.0012629158
43	0.0012629541	0.0023865881	0.0015113	0.0012636139
44	0.0012629483	0.0022072182	0.0012948704	0.0012627804
45	0.0012629438	0.0033010177	0.0012979883	0.0012635728
46	0.00126294	0.0020658707	0.0012971583	0.001263461
47	0.0012629371	0.0021333206	0.0013214542	0.0012625398
48	0.0012629349	0.001960323	0.0013272383	0.0012642106
49	0.001262933	0.0021016684	0.0013914028	0.0012629898
50	0.001262932	0.0020773332	0.0013008907	0.0012624445
51	0.0012629302	0.0020361217	0.0013043968	0.0012626372
52	0.0012629294	0.0022402664	0.0012974789	0.0012623405
53	0.0012629282	0.0022269245	0.0012964825	0.0012635222
54	0.0012629278	0.002194037	0.0014736262	0.0012633844
55	0.0012629274	0.0020915996	0.0013439612	0.0012630725
56	0.0012629271	0.0021876262	0.0012996816	0.0012630958
57	0.0012629268	0.0022722899	0.0013299488	0.0012624973
58	0.0012629261	0.0020709601	0.0013749191	0.0012629777
59	0.001262926	0.0019998371	0.001295565	0.0012630686
60	0.0012629257	0.0025034887	0.0012959111	0.0012629553
61	0.0012629257	0.0019520228	0.0013096132	0.0012623501
62	0.0012629254	0.0019400835	0.001306667	0.0012624387
63	0.0012629252	0.0023334648	0.0012989609	0.0012630181
