-1	0.0178885479	0.0178885479	0.0178885479	0.0178885479
0	0.0133909425	0.0137369921	0.0144822737	0.0133921327
1	0.0101952786	0.0106888674	0.0119690849	0.0101982616
2	0.0079129422	0.0085753649	0.0098869996	0.0079145106
3	0.0062796008	0.0068837134	0.0082475608	0.0062810956
4	0.0051083807	0.0056500915	0.007004248	0.0051098899
5	0.0042667855	0.0047763991	0.0059793373	0.0042686956
6	0.0036608519	0.0040525231	0.0051937043	0.0036634179
7	0.0032236679	0.0035283191	0.004608429	0.0032253931
8	0.0029076261	0.0031232352	0.0041453354	0.0029092499
9	0.0026786875	0.0028554676	0.0037637237	0.0026805783
10	0.0025125146	0.0026920396	0.0034592855	0.0025136231
11	0.0023916587	0.0025196443	0.0032150426	0.0023928396
12	0.0023035978	0.0024357522	0.0030037521	0.0023046602
13	0.0022392836	0.0023625991	0.0028294986	0.002240824
14	0.0021922311	0.0023086318	0.002693634	0.0021940118
15	0.002157755	0.0022495138	0.0025908398	0.0021590504
16	0.0021324377	0.0022752301	0.0025079781	0.0021338589
17	0.0021138082	0.002216818	0.002422095	0.0021153591
18	0.002100077	0.0021806061	0.0023675389	0.0021012065
19	0.00208994	0.0021777342	0.0023121855	0.0020910571
20	0.0020824401	0.0022332433	0.0022683195	0.0020835248
21	0.0020768854	0.0021578658	0.0022291506	0.0020785041
22	0.0020727657	0.0021457954	0.0021993197	0.0020744472
23	0.0020697005	0.0021567603	0.002179669	0.0020709722
24	0.0020674209	0.0021553834	0.0021591224	0.0020688619
25	0.00206572	0.0021615294	0.0021409795	0.0020672535
26	0.0020644504	0.0021859184	0.0021273864	0.0020656514
27	0.0020634991	0.0021492084	0.0021167914	0.0020646367
28	0.0020627859	0.0021471088	0.0021083921	0.0020639168
29	0.0020622506	0.0021758345	0.0020999343	0.0020639249
30	0.0020618506	0.0021470285	0.0020977457	0.0020635298
31	0.0020615496	0.0021432419	0.0020882015	0.0020628313
32	0.0020613205	0.0022602666	0.0020917517	0.0020627796
33	0.0020611489	0.0022075302	0.0020847458	0.0020626907
34	0.0020610199	0.0021406382	0.0020806594	0.0020622581
35	0.0020609205	0.0021320283	0.002091869	0.0020620765
36	0.0020608483	0.0021275794	0.0020798349	0.0020620031
37	0.0020607917	0.0021742298	0.0020762447	0.00206249
38	0.002060747	0.0021566644	0.002071986	0.0020624327
39	0.0020607151	0.0021386666	0.0020785986	0.0020620096
40	0.0020606893	0.0021171835	0.0020764803	0.0020621563
41	0.0020606716	0.0021220907	0.0020722791	0.0020622201
42	0.0020606574	0.0021392023	0.00206948	0.0020619084
43	0.0020606469	0.002143977	0.0020742563	0.0020618062
44	0.0020606371	0.002137077	0.0020700649	0.002061802
45	0.0020606306	0.0021472524	0.0020678937	0.0020623403
46	0.0020606252	0.0021690966	0.0020678965	0.0020623121
47	0.0020606213	0.0021401381	0.0020704616	0.0020619195
48	0.0020606192	0.0022059719	0.0020718004	0.0020620893
49	0.0020606171	0.0021643618	0.0020709496	0.0020621696
50	0.0020606152	0.0021471055	0.0020696491	0.0020618741
51	0.0020606124	0.0021597929	0.0020697708	0.0020617782
52	0.002060612	0.0021851207	0.0020700372	0.0020617803
53	0.0020606113	0.0021372263	0.0020678039	0.0020623249
54	0.0020606122	0.0021421202	0.0020680879	0.0020623023
55	0.0020606101	0.0021415562	0.0020688775	0.0020619107
56	0.0020606101	0.0021509067	0.002070741	0.0020620811
57	0.0020606106	0.0021732496	0.0020668318	0.0020621638
58	0.0020606101	0.0022159938	0.0020680577	0.0020618693
59	0.0020606087	0.0021619077	0.0020750742	0.0020617747
60	0.0020606089	0.0021720263	0.0020704875	0.0020617805
61	0.0020606096	0.0021885135	0.002066772	0.0020623244
62	0.0020606096	0.0021541463	0.002072168	0.0020623014
63	0.0020606092	0.0021581624	0.0020679545	0.0020619102
64	0.0020606089	0.0022631304	0.0020801846	0.0020620807
65	0.0020606087	0.0022224879	0.0020719948	0.0020621622
66	0.0020606089	0.0021632048	0.002074731	0.0020618702
67	0.002060608	0.0021429644	0.0020709198	0.0020617757
68	0.002060608	0.0021384396	0.0020710507	0.0020617789
69	0.0020606092	0.0021507249	0.0020666774	0.0020623251
70	0.0020606101	0.0021993956	0.0020725045	0.0020622991
71	0.0020606096	0.0021524255	0.0020676123	0.0020619098
72	0.0020606096	0.002132219	0.0020749525	0.00206208
73	0.0020606096	0.0021359832	0.0020724456	0.0020621652
74	0.0020606092	0.0021480122	0.0020672497	0.0020618716
75	0.0020606092	0.0021542355	0.0020704689	0.002061777
76	0.0020606094	0.0021502667	0.0020691643	0.0020617822
77	0.0020606092	0.0021542856	0.0020695499	0.0020623251
78	0.0020606099	0.0021665455	0.0020702507	0.0020623016
79	0.0020606096	0.0021386936	0.0020720141	0.0020619088
80	0.0020606096	0.0021927608	0.0020728298	0.0020620809
81	0.0020606092	0.0021733416	0.0020664018	0.0020621638
82	0.0020606096	0.0021573466	0.002071071	0.0020618709
83	0.0020606094	0.0021662307	0.0020681971	0.0020617754
84	0.0020606094	0.0022089973	0.0020683596	0.0020617805
85	0.0020606096	0.0021530446	0.0020674618	0.0020623237
86	0.0020606092	0.0021634062	0.0020683247	0.0020623002
87	0.0020606094	0.0021553037	0.002068735	0.0020619088
88	0.0020606092	0.0021644433	0.0020706889	0.0020620823
89	0.0020606092	0.0021895552	0.002069257	0.0020621631
90	0.0020606089	0.0021898272	0.0020671806	0.0020618716
91	0.0020606092	0.0021621243	0.0020736007	0.0020617759
92	0.0020606085	0.00216488	0.0020709967	0.0020617808
93	0.0020606085	0.0021980896	0.0020671145	0.0020623242
94	0.0020606087	0.0021449304	0.0020671263	0.0020623009
95	0.0020606087	0.002152896	0.0020709441	0.0020619095
96	0.0020606089	0.0022785722	0.0020710223	0.0020620821
97	0.0020606089	0.0022151065	0.0020683068	0.0020621645
98	0.0020606089	0.0021559563	0.0020682027	0.0020618706
99	0.0020606089	0.0021437707	0.0020681431	0.0020617757
