%-1	0.25	0.25	0.25	0.25
0	0.0259185843	0.025986921	0.0260065198	0.026007466
1	0.0203517973	0.02041086	0.020380158	0.0203900989
2	0.0172507726	0.0173199028	0.0172991697	0.0173129942
3	0.0152388662	0.0153032849	0.0152936196	0.0153063787
4	0.0138271088	0.0138794864	0.0139035285	0.0138822123
5	0.0127817551	0.0128466533	0.0128604369	0.0128213121
6	0.0119753471	0.0120083075	0.0120930532	0.012058652
7	0.0113326758	0.0114417942	0.0114320144	0.0114115495
8	0.0108068725	0.0108733904	0.0109452549	0.0109057715
9	0.0103673218	0.0104175666	0.0104986168	0.0104153706
10	0.009993284	0.0100505985	0.0100611616	0.0100837583
11	0.0096701784	0.00980525	0.0097960737	0.0097672381
12	0.0093875434	0.0094818594	0.0094336271	0.009523401
13	0.0091375671	0.0093007255	0.0092058685	0.0091911498
14	0.0089144194	0.0089692278	0.008994991	0.0090114325
15	0.0087135714	0.008890274	0.0089546703	0.0088301608
16	0.0085315043	0.0086296638	0.0086242622	0.0086137289
17	0.0083654104	0.0084514394	0.0084403614	0.0084802974
18	0.0082130218	0.0083066467	0.0082706716	0.0083043352
19	0.0080725271	0.0082842177	0.0081545003	0.0081255967
20	0.0079423739	0.0080708629	0.0080227358	0.0080500096
21	0.0078213476	0.008084815	0.0079934727	0.0079613011
22	0.0077083898	0.0077879536	0.0079190331	0.0079808524
23	0.0076025901	0.0078144865	0.0077547762	0.007804702
24	0.0075031985	0.0076233977	0.007768394	0.0075585898
25	0.0074095898	0.0075402996	0.0075554354	0.0075056711
26	0.0073211822	0.0074618612	0.0074268496	0.0074289977
27	0.0072374884	0.0075059752	0.007490823	0.0073742759
28	0.0071581104	0.0073132752	0.0072587011	0.0072627761
29	0.0070826481	0.0074296584	0.0072561088	0.0071887071
30	0.0070107919	0.0071140905	0.0071365656	0.0071623651
31	0.0069422415	0.0071747219	0.0073412945	0.0070912787
32	0.0068767574	0.007015002	0.0069934195	0.0069679748
33	0.0068140877	0.006990572	0.0068919323	0.0070069167
34	0.00675405	0.0069419714	0.0068644607	0.0069205463
35	0.0066964366	0.0070137349	0.0068607884	0.0068833143
36	0.0066410955	0.0068193288	0.0067221527	0.0068512382
37	0.006587876	0.007007625	0.0069416407	0.0067160344
38	0.0065366486	0.0066623264	0.0068256962	0.0066794949
39	0.006487261	0.0067348848	0.0066392696	0.0066260491
40	0.0064396244	0.0065942006	0.006829801	0.0065400675
41	0.0063936366	0.0066085728	0.0065174587	0.006578946
42	0.0063491915	0.0065728794	0.0065387581	0.0065197819
43	0.0063062059	0.0066653076	0.0067093628	0.0065525537
44	0.0062645911	0.0064612152	0.0064420747	0.0064155236
45	0.0062242872	0.0067109452	0.0065045701	0.0063772295
46	0.0061852126	0.0063322685	0.006376721	0.0064826896
47	0.0061473171	0.0064030564	0.0066862921	0.006252849
48	0.0061105448	0.0062789414	0.006267976	0.0061949939
49	0.0060748137	0.0063301641	0.0061575286	0.0064447965
50	0.0060401056	0.006298291	0.0062432894	0.0061763013
51	0.0060063503	0.0063980194	0.0062756334	0.0061119027
52	0.0059735081	0.0061884602	0.0060628378	0.0060982988
53	0.0059415409	0.0064735287	0.0064712577	0.0061520631
54	0.005910424	0.0060747485	0.0062443428	0.0064684199
55	0.0058800913	0.006147719	0.006036012	0.0062929713
56	0.0058505321	0.0060315616	0.0063295341	0.0059263688
57	0.0058217035	0.0061123562	0.0059373239	0.0059610037
58	0.0057935836	0.00607786	0.0060714278	0.0059154481
59	0.0057661277	0.0061873854	0.0063031828	0.0060791448
60	0.0057393266	0.0059707072	0.005987817	0.0058286735
61	0.005713149	0.0062947604	0.0060779559	0.0058904341
62	0.0056875623	0.0058674649	0.0059509557	0.0058383606
63	0.0056625595	0.0059359563	0.0062925993	0.00594217
64	0.0056381067	0.0058314307	0.005842336	0.005751641
65	0.0056141885	0.0059418092	0.0056993435	0.0059499252
66	0.0055907848	0.0058967341	0.0058920248	0.0058600167
67	0.0055678766	0.0060084579	0.0059297401	0.0059037767
68	0.0055454462	0.0057923235	0.0056423196	0.0058511351
69	0.005523487	0.0061441534	0.0062129511	0.0057449797
70	0.0055019609	0.0056967041	0.0058564572	0.0056350594
71	0.005480872	0.0057578422	0.0056400285	0.0056329034
72	0.0054601999	0.0056650341	0.0060155462	0.0055414881
73	0.0054399376	0.0057965717	0.0055503133	0.0057466123
74	0.0054200515	0.0057432065	0.0057852645	0.0056523699
75	0.0054005515	0.0058600456	0.0060667568	0.0058119316
76	0.0053814114	0.0056394609	0.0057102083	0.0055496627
77	0.0053626257	0.0060083135	0.0057863877	0.0056845648
78	0.0053441939	0.0055527873	0.0056696287	0.005819072
79	0.0053260885	0.005605428	0.0060485387	0.0054479693
80	0.0053083012	0.0055229417	0.0055560805	0.0054073189
81	0.0052908263	0.0056798509	0.0053791776	0.005871994
82	0.0052736592	0.0056146388	0.0056730206	0.0054582017
83	0.0052567944	0.0057286839	0.0057046083	0.0054150573
84	0.0052402061	0.0055126883	0.0053428886	0.0053627007
85	0.0052238936	0.005906201	0.0060745501	0.0054735979
86	0.0052078534	0.0054292772	0.0055755661	0.0059575527
87	0.0051920852	0.0054758461	0.0053592301	0.0057466854
88	0.0051765647	0.0054020174	0.0057859113	0.0052708685
89	0.0051612938	0.0055798092	0.0052720853	0.0053318827
90	0.0051462641	0.0055030622	0.0055923345	0.0052657151
91	0.0051314677	0.0056227231	0.0059089726	0.0055974945
92	0.005116906	0.0054025766	0.0055118473	0.0052005369
93	0.0051025683	0.0058110896	0.0055708918	0.0053287274
94	0.0050884387	0.0053197099	0.0054764957	0.0052210693
95	0.0050745294	0.0053655836	0.0058865561	0.0054470487
96	0.0050608236	0.0052966531	0.0053458665	0.0052035204
97	0.0050473213	0.0054937885	0.0051387609	0.0054604192
98	0.0050340109	0.0054069012	0.005525718	0.0053949617
99	0.0050208946	0.0055265413	0.0055491868	0.0054942276
