0	0.0241597537	0.0242200606	0.0240297876	0.0242075119
1	0.0201518871	0.0204730667	0.0200702939	0.0201115962
2	0.0180222057	0.0179582406	0.0180077534	0.0179665573
3	0.0167394299	0.0169151388	0.0167136434	0.0167047884
4	0.0158932265	0.0159208868	0.0158688352	0.0158576053
5	0.0152995735	0.015272148	0.0152908117	0.0152666476
6	0.014864793	0.0147860358	0.0148489978	0.0148288002
7	0.014535984	0.0145439785	0.0145002753	0.0144987376
8	0.0142808631	0.014299362	0.0142309973	0.0142465048
9	0.0140787233	0.0141651276	0.0140392259	0.0140346764
10	0.0139157698	0.0138384709	0.0138838449	0.0138755888
11	0.0137824817	0.0139193451	0.0137633579	0.013740615
12	0.0136721293	0.0136502171	0.0136835054	0.013634637
13	0.0135798184	0.0135330595	0.0135824429	0.013534734
14	0.0135018975	0.0134186558	0.0135025438	0.0134734781
15	0.0134355975	0.0134661989	0.0134246098	0.0134007726
16	0.0133787571	0.0134467045	0.0133480709	0.0133545287
17	0.0133297043	0.0134248966	0.0133042168	0.0132790469
18	0.0132870758	0.0132496068	0.0132796876	0.0132420138
19	0.0132498024	0.0132751418	0.0132633727	0.0131987743
20	0.0132170198	0.0131769087	0.0132168541	0.0131658092
21	0.013187998	0.0131602809	0.0131840492	0.0131526729
22	0.0131621705	0.0130759235	0.0131559242	0.0131336553
23	0.0131390328	0.0131215872	0.0131244604	0.0130963232
24	0.0131181953	0.013134581	0.0130784353	0.0130787771
25	0.0130993333	0.0133169992	0.0130728465	0.0130835278
26	0.0130821392	0.013078114	0.013088149	0.0130568231
27	0.0130663943	0.0131881312	0.0130671933	0.013027627
28	0.0130519187	0.013006879	0.0130522391	0.0130347274
29	0.0130385077	0.0130085777	0.0130486302	0.013010893
30	0.0130260242	0.0129631395	0.0130149564	0.0130057298
31	0.0130143724	0.0130449291	0.012979025	0.0130021842
32	0.0130034471	0.0130750453	0.0129649928	0.0129800839
33	0.012993155	0.013113928	0.0129719591	0.0129666841
34	0.0129834181	0.012932173	0.0129837953	0.0129692154
35	0.0129741784	0.0130335931	0.0129726352	0.0129519897
36	0.0129653588	0.0129407896	0.0129451621	0.0129363285
37	0.0129569136	0.0129558649	0.012940825	0.0129290074
38	0.0129488055	0.0129229613	0.0129355425	0.0129302936
39	0.0129410028	0.0129314736	0.012912361	0.0129362997
40	0.0129334945	0.0129517345	0.01289267	0.0129239755
41	0.012926233	0.0130584156	0.0128962332	0.0129111977
42	0.0129191922	0.0129311839	0.0128982067	0.0129177431
43	0.0129123498	0.0130214998	0.0129083237	0.012906854
44	0.0129056843	0.0128926728	0.012901118	0.0128932064
45	0.012899207	0.01294271	0.0128989881	0.0128927538
46	0.0128928684	0.0128797712	0.0128801968	0.0128886793
47	0.0128866592	0.0129588237	0.0128659401	0.0128723504
48	0.0128805898	0.0128989127	0.0128469085	0.0128808292
49	0.0128746387	0.0129556851	0.0128627485	0.0128633883
50	0.0128687862	0.0128866015	0.0128728189	0.0128582269
51	0.0128630456	0.0129505051	0.0128859719	0.0128604192
52	0.0128573887	0.0128026633	0.0128623517	0.0128589096
53	0.0128518306	0.0128675923	0.0128394356	0.012861901
54	0.0128463497	0.0128164422	0.0128260488	0.0128495535
55	0.0128409425	0.0128876735	0.0128141828	0.0128438566
56	0.0128356162	0.0128757562	0.012801107	0.0128466142
57	0.0128303468	0.0129265273	0.0128104277	0.0128256157
58	0.0128251482	0.0127650239	0.012833178	0.0128311338
59	0.0128200073	0.012862674	0.0128304325	0.0128265088
60	0.0128149269	0.0127705447	0.0128053874	0.0128170783
61	0.012809894	0.0128330868	0.0128065245	0.0128170326
62	0.0128049301	0.0127739534	0.012776765	0.0128015652
63	0.0127999894	0.0128825977	0.0127878813	0.0128056016
64	0.0127950916	0.0128760552	0.012763463	0.0128026148
65	0.0127902515	0.0129235126	0.0127691915	0.0127947591
66	0.0127854515	0.012867162	0.0127815828	0.0127930632
67	0.0127806896	0.0128873056	0.0127766719	0.0127824266
68	0.0127759641	0.0127341319	0.0127630504	0.0127876848
69	0.012771287	0.0127633279	0.0127620324	0.0127805267
70	0.012766649	0.0127475904	0.0127569363	0.0127815865
71	0.0127620548	0.0127944499	0.0127398632	0.0127777485
72	0.0127574895	0.0128313834	0.0127259102	0.012769646
73	0.0127529576	0.0128796101	0.0127336457	0.012760547
74	0.012748464	0.0127635393	0.012739161	0.0127692362
75	0.0127440123	0.0128292041	0.0127407266	0.0127669908
76	0.0127395922	0.0127287963	0.0127236936	0.0127522312
77	0.0127351852	0.0127512142	0.0127330525	0.0127541376
78	0.0127308257	0.0127165699	0.012714155	0.0127479807
79	0.0127264848	0.0127254277	0.0127081554	0.012749617
80	0.0127221765	0.0127468286	0.0126902852	0.0127399014
81	0.0127179008	0.0127739413	0.0126992902	0.0127322823
82	0.0127136493	0.0127008352	0.0127177881	0.0127359992
83	0.0127094286	0.0127462279	0.0127158258	0.0127263805
84	0.0127052339	0.0126926862	0.0126857879	0.0127292946
85	0.0127010653	0.0127360644	0.0126921805	0.0127242571
86	0.0126969172	0.0126571227	0.0126806451	0.0127136596
87	0.0126927989	0.0126981391	0.0126826148	0.0127147781
88	0.0126887094	0.0127113722	0.012667492	0.0127201611
89	0.0126846414	0.0127641829	0.0126692541	0.012708893
90	0.0126806181	0.0126789762	0.0126590775	0.0127126342
91	0.0126765938	0.0126590328	0.0126828346	0.012690939
92	0.012672591	0.0126396446	0.0126555897	0.0126954233
93	0.0126686096	0.0126632908	0.0126655567	0.0126911839
94	0.0126646617	0.0126615055	0.0126615632	0.0126885092
95	0.0126607288	0.0127776852	0.0126492064	0.0126832211
96	0.0126568284	0.0126725174	0.0126409931	0.0126878396
97	0.0126529438	0.0128191374	0.0126417326	0.0126876179
98	0.0126490761	0.0126750311	0.0126532447	0.012696364
99	0.0126452353	0.0126898522	0.0126428334	0.0126758181
