-1	0.0522083342	0.0522083342	0.0522083342
0	0.0210831631	0.0210974291	0.0210964382
1	0.0199728906	0.0199767724	0.0199747086
2	0.0194318723	0.0194378011	0.0194317289
3	0.0190744773	0.0190777872	0.0190763939
4	0.0188111346	0.0188176148	0.0188075155
5	0.0186074059	0.0186109971	0.0186005048
6	0.0184453018	0.0184509978	0.0184348281
7	0.0183137283	0.0183181167	0.0183036942
8	0.0182051938	0.0182092916	0.018199252
9	0.0181143619	0.0181175452	0.0181093793
10	0.0180373713	0.0180386268	0.0180346332
11	0.0179713573	0.0179739352	0.0179665536
12	0.0179141499	0.017914474	0.01790886
13	0.0178641025	0.0178641155	0.0178587157
14	0.017819928	0.0178212691	0.01781464
15	0.0177806392	0.0177812446	0.0177825615
16	0.0177454259	0.0177463386	0.0177445617
17	0.0177136939	0.017713977	0.017711686
18	0.0176848974	0.0176859647	0.0176827125
19	0.0176586602	0.0176571906	0.0176555626
20	0.0176346116	0.0176340695	0.0176361091
21	0.0176124927	0.0176095515	0.0176158752
22	0.0175920613	0.0175899249	0.0175892171
23	0.0175731201	0.0175707191	0.0175678879
24	0.0175555237	0.0175509024	0.0175563022
25	0.0175391193	0.0175345987	0.0175413154
26	0.0175237712	0.017517915	0.0175259952
27	0.0175093971	0.0175062828	0.0175118595
28	0.0174959004	0.0174894817	0.0174934231
29	0.0174831897	0.0174768195	0.0174822249
30	0.0174712166	0.0174666997	0.0174687374
31	0.0174599066	0.0174551047	0.0174664427
32	0.0174492132	0.0174445156	0.0174501743
33	0.0174390711	0.0174357854	0.017439561
34	0.0174294598	0.0174262002	0.0174286664
35	0.0174203273	0.0174149368	0.0174171627
36	0.0174116455	0.0174075589	0.0174151957
37	0.0174033679	0.0173980556	0.0174097884
38	0.0173954926	0.017390186	0.0173950102
39	0.017387962	0.0173832458	0.0173840597
40	0.0173807722	0.0173731633	0.0173843279
41	0.0173739046	0.0173672885	0.0173783191
42	0.0173673388	0.0173595008	0.0173701681
43	0.0173610393	0.0173567031	0.0173665807
44	0.0173550025	0.0173472632	0.017353151
45	0.0173492078	0.0173412096	0.0173494983
46	0.017343659	0.0173380803	0.0173419379
47	0.0173383188	0.0173324645	0.0173470434
48	0.0173331816	0.0173274186	0.0173352845
49	0.0173282456	0.017324876	0.0173294395
50	0.0173234884	0.0173198413	0.0173237398
51	0.0173189081	0.0173132047	0.0173159987
52	0.0173144974	0.0173101909	0.0173190497
53	0.0173102356	0.0173050463	0.0173175968
54	0.0173061173	0.0173001867	0.0173073672
55	0.0173021499	0.0172976255	0.0172990989
56	0.0172983054	0.0172902904	0.0173034053
57	0.0172946043	0.0172881614	0.0172997992
58	0.0172910262	0.0172833744	0.0172939468
59	0.0172875524	0.0172839984	0.0172951333
60	0.0172841866	0.0172770862	0.0172828585
61	0.0172809381	0.0172729027	0.0172821172
62	0.0172777828	0.0172727089	0.017276654
63	0.0172747299	0.0172691513	0.0172849968
64	0.017271759	0.0172664244	0.0172750689
65	0.0172688756	0.0172666572	0.0172710381
66	0.0172660816	0.0172626972	0.0172674656
67	0.0172633696	0.0172579177	0.0172608383
68	0.0172607284	0.0172568131	0.0172664672
69	0.0172581673	0.017253967	0.0172669012
70	0.0172556657	0.0172501095	0.0172581766
71	0.0172532424	0.0172495097	0.0172511563
72	0.0172508769	0.0172431208	0.0172577091
73	0.0172485746	0.0172428433	0.0172549877
74	0.0172463395	0.0172394067	0.0172498655
75	0.0172441527	0.01724126	0.0172536056
76	0.0172420312	0.0172356088	0.0172413997
77	0.0172399618	0.0172323827	0.0172415897
78	0.0172379371	0.0172334444	0.0172375664
79	0.0172359552	0.0172309894	0.0172479693
80	0.0172340367	0.0172293875	0.017238792
81	0.017232161	0.0172308534	0.0172347352
82	0.0172303133	0.0172277428	0.0172323938
83	0.0172285214	0.0172237586	0.017226683
84	0.0172267742	0.0172234531	0.0172335934
85	0.0172250587	0.0172216333	0.0172345359
86	0.0172233842	0.0172180459	0.0172269493
87	0.017221747	0.0172189027	0.0172207132
88	0.0172201395	0.0172127765	0.0172281023
89	0.0172185767	0.0172135215	0.0172253307
90	0.0172170456	0.0172107276	0.0172210205
91	0.0172155388	0.0172134452	0.0172264725
92	0.0172140654	0.0172084067	0.0172142424
93	0.0172126256	0.0172054246	0.0172151048
94	0.0172112063	0.0172073916	0.0172116868
95	0.0172098316	0.0172054935	0.0172231421
96	0.01720847	0.0172044989	0.0172142126
97	0.0172071364	0.0172064938	0.0172105841
98	0.0172058325	0.0172037091	0.0172090791
99	0.0172045548	0.0172003191	0.0172034539
