0	0.0065871212	0.0066116503	0.0067964992	0.0065787779
1	0.0062766923	0.0063988622	0.0064635016	0.0062707337
2	0.0061487011	0.0062411753	0.006247275	0.0061446792
3	0.0060811257	0.0062068938	0.0061468077	0.0060773492
4	0.0060394811	0.0060668918	0.0060861334	0.0060384423
5	0.0060108677	0.0061054756	0.0060799629	0.0060121412
6	0.005989613	0.0061725783	0.0060411626	0.0059904861
7	0.0059729051	0.0060474649	0.0059902789	0.0059734564
8	0.0059592198	0.0061706952	0.0060391114	0.0059617367
9	0.00594767	0.0060576936	0.0060371002	0.0059521897
10	0.0059377057	0.0061814715	0.0059730564	0.0059412355
11	0.0059289336	0.0060114516	0.0059991269	0.0059326538
12	0.0059211096	0.00597667	0.0059639039	0.0059264055
13	0.0059140641	0.0059703058	0.0059966496	0.0059211534
14	0.0059076622	0.005991647	0.0060490281	0.0059142667
15	0.0059017967	0.0060020504	0.0059230574	0.0059086359
16	0.0058963965	0.0061729923	0.0059310701	0.0059047537
17	0.0058913999	0.0059842407	0.0059432024	0.0059015313
18	0.0058867577	0.005985741	0.0059427037	0.0058961441
19	0.0058824327	0.0059710722	0.0059631746	0.0058921017
20	0.0058783693	0.0059511098	0.005903089	0.0058893594
21	0.0058745625	0.0059941602	0.0059331902	0.0058870488
22	0.0058709765	0.0061146291	0.0058971746	0.0058829775
23	0.0058676172	0.0059551573	0.0059226882	0.0058795805
24	0.0058644344	0.0059631276	0.0058882525	0.0058783777
25	0.0058614188	0.0067310086	0.0059098341	0.0058762026
26	0.0058585573	0.0062947907	0.005929539	0.0058722855
27	0.0058558527	0.0063011325	0.0059052492	0.0058703846
28	0.0058532781	0.0059845168	0.0058678398	0.0058692596
29	0.0058508427	0.0064730444	0.0058934921	0.0058680638
30	0.0058485013	0.0059484793	0.0059258146	0.0058644586
31	0.0058462732	0.0060533886	0.005857592	0.0058630975
32	0.0058441572	0.0059633288	0.0058673262	0.005862073
33	0.0058421316	0.0061396193	0.00587019	0.0058611711
34	0.0058401944	0.0064866245	0.0058759674	0.0058578891
35	0.0058383546	0.0059216367	0.005909475	0.0058570779
36	0.0058365851	0.005948809	0.0058615943	0.0058565531
37	0.0058348947	0.0059703523	0.0058632614	0.0058553475
38	0.0058332765	0.0060460283	0.005916751	0.0058527966
39	0.0058317273	0.0059724506	0.0058441791	0.0058518392
40	0.0058302227	0.0061236848	0.0058406089	0.0058514019
41	0.0058287871	0.0062296041	0.0059107705	0.0058508855
42	0.0058274264	0.0061408458	0.0058550788	0.0058480464
43	0.0058261072	0.0059829564	0.005844913	0.0058476776
44	0.0058248374	0.0059926505	0.0058495719	0.0058478927
45	0.0058236155	0.0060670921	0.0058328174	0.0058468343
46	0.0058224499	0.0059435517	0.0058960621	0.0058440589
47	0.0058213277	0.0059165489	0.0058283643	0.0058444878
48	0.0058202399	0.0059564258	0.0058286781	0.0058447602
49	0.0058191936	0.0059996368	0.0058428189	0.0058437278
50	0.0058181873	0.0060078688	0.0058382889	0.005841129
51	0.0058172271	0.0060705543	0.005861897	0.0058412333
52	0.0058162962	0.0059866747	0.0058467924	0.005841827
53	0.0058153863	0.0059614736	0.0058961161	0.0058410387
54	0.0058145327	0.0060058511	0.0058197132	0.0058387532
55	0.0058136936	0.0060607838	0.0058218585	0.0058390144
56	0.0058128918	0.0060340906	0.0058213715	0.0058393287
57	0.0058121136	0.0064554699	0.0058355583	0.0058384696
58	0.0058113709	0.0063030543	0.0058442014	0.0058361338
59	0.0058106515	0.0067612841	0.0058709844	0.0058365474
60	0.0058099497	0.0059962636	0.0058359266	0.0058376789
61	0.005809282	0.0067974422	0.0058343541	0.0058365734
62	0.0058086384	0.0061239735	0.0058202692	0.0058343289
63	0.0058080186	0.0060145208	0.0058136061	0.0058350037
64	0.0058074109	0.0060266787	0.005811241	0.0058358996
65	0.0058068265	0.0059891641	0.00582091	0.0058346777
66	0.0058062593	0.0066707483	0.0058538937	0.005832585
67	0.0058057215	0.005974621	0.0058547687	0.0058334586
68	0.0058051846	0.0060038585	0.0058500175	0.0058340416
69	0.0058046882	0.0059889355	0.0058193817	0.0058330391
70	0.0058041848	0.0061718337	0.0058207307	0.0058311364
71	0.0058037173	0.0061042737	0.0058033289	0.0058320919
72	0.005803253	0.0065979082	0.0058024572	0.0058329976
73	0.0058028242	0.0062929271	0.0058327788	0.0058319797
74	0.0058023906	0.006093015	0.005854201	0.0058298246
75	0.005801972	0.0060400711	0.005849753	0.0058310432
76	0.005801572	0.0060350979	0.0058655022	0.0058319215
77	0.0058011813	0.0065989546	0.005867823	0.0058305948
78	0.0058008125	0.0060410267	0.0057976856	0.0058284784
79	0.0058004437	0.0059774662	0.0058238511	0.0058300784
80	0.0058001052	0.0060469154	0.0057964739	0.005830979
81	0.0057997629	0.0066631581	0.0058126096	0.0058295582
82	0.0057994421	0.0065320851	0.0058442233	0.0058278921
83	0.0057991175	0.0060311109	0.0058113686	0.0058293319
84	0.0057988125	0.0060867872	0.0058268066	0.0058301031
85	0.0057985252	0.0060140896	0.0058588134	0.0058288099
86	0.0057982337	0.0060589476	0.0058962065	0.0058267168
87	0.0057979622	0.006083657	0.0058164019	0.0058279568
88	0.0057976977	0.0061514876	0.0057933312	0.005829413
89	0.0057974346	0.0071022026	0.0058150953	0.0058279978
90	0.0057971808	0.0065564718	0.0058603277	0.0058262269
91	0.0057969396	0.0066820718	0.0058940854	0.0058274576
92	0.005796704	0.0061362437	0.0058206832	0.0058289533
93	0.0057964744	0.0066800565	0.0057943058	0.0058274637
94	0.0057962602	0.0064710556	0.0058177169	0.0058258078
95	0.0057960399	0.0064817844	0.00579408	0.005827561
96	0.0057958346	0.0060749236	0.0057967352	0.0058282078
97	0.0057956325	0.0061843162	0.0057947468	0.005827005
98	0.0057954486	0.0067371391	0.0058549307	0.0058252495
99	0.0057952525	0.0059924964	0.0058796825	0.0058268886
