0	0.0522083342	0	0.0522083	0	0.0522083342	0	0.0522083342
0.1829368733	0.0210831631	0.0257476	0.0210731	0.0024029538	0.0210791044	0.0264132172	0.0211039335
0.3658737466	0.0199728906	0.0496094	0.0199872	0.0048059076	0.0199739784	0.0528264344	0.0199915078
0.5488106199	0.0194318723	0.0723234	0.0194155	0.0072088614	0.0194255114	0.0792396516	0.0194489602
0.7317474931	0.0190744773	0.0949063	0.0190634	0.0096118152	0.0190663412	0.1056528687	0.0190906543
0.9146843664	0.0188111346	0.1194481	0.0187958	0.012014769	0.018805271	0.1320660859	0.0188262556
1.0976212397	0.0186074059	0.1447162	0.0185933	0.0144177228	0.0186039619	0.1584793031	0.0186218042
1.280558113	0.0184453018	0.1727306	0.0184354	0.0168206766	0.0184407942	0.1848925203	0.0184590649
1.4634949863	0.0183137283	0.1985395	0.0183012	0.0192236304	0.0183164254	0.2113057375	0.018326994
1.6464318596	0.0182051938	0.22132	0.0181942	0.0216265842	0.0182050988	0.2377189547	0.0182177387
1.8293687329	0.0181143619	0.2483843	0.018129	0.024029538	0.0181233399	0.2641321719	0.0181264915
2.0123056062	0.0180373713	0.2717164	0.0180437	0.0264324918	0.0180457048	0.2905453891	0.0180489216
2.1952424794	0.0179713573	0.2991809	0.017962	0.0288354456	0.0179690886	0.3169586062	0.0179824773
2.3781793527	0.0179141499	0.3245188	0.0179351	0.0312383994	0.0179180391	0.3433718234	0.0179247819
2.561116226	0.0178641025	0.3490416	0.0178644	0.0336413532	0.0178708807	0.3697850406	0.0178744309
2.7440530993	0.017819928	0.3754667	0.0178095	0.0360443071	0.0178211629	0.3961982578	0.0178299844
2.9269899726	0.0177806392	0.4008756	0.0177702	0.0384472609	0.0177790914	0.422611475	0.0177901592
3.1099268459	0.0177454259	0.4268232	0.0177384	0.0408502147	0.0177490432	0.4490246922	0.0177547485
3.2928637192	0.0177136939	0.4560186	0.0177179	0.0432531685	0.017715225	0.4754379094	0.0177227575
3.4758005925	0.0176848974	0.4808739	0.0176743	0.0456561223	0.0176839363	0.5018511266	0.0176937506
3.6587374657	0.0176586602	0.5052843	0.0176456	0.0480590761	0.0176590327	0.5282643437	0.0176671352
3.841674339	0.0176346116	0.5305731	0.0176437	0.0504620299	0.0176368244	0.5546775609	0.0176428463
4.0246112123	0.0176124927	0.5566652	0.0176039	0.0528649837	0.0176129565	0.5810907781	0.0176205765
4.2075480856	0.0175920613	0.5816703	0.0175959	0.0552679375	0.0175943412	0.6075039953	0.0175999291
4.3904849589	0.0175731201	0.6071301	0.0176072	0.0576708913	0.017577799	0.6339172125	0.0175808687
4.5734218322	0.0175555237	0.629934	0.0175442	0.0600738451	0.0175559241	0.6603304297	0.0175631568
4.7563587055	0.0175391193	0.6560824	0.0175355	0.0624767989	0.0175369885	0.6867436469	0.017546488
4.9392955787	0.0175237712	0.6830969	0.0175134	0.0648797527	0.0175224971	0.713156864	0.0175310299
5.122232452	0.0175093971	0.7074962	0.017496	0.0672827065	0.0175103806	0.7395700812	0.0175165087
5.3051693253	0.0174959004	0.7346978	0.0174885	0.0696856603	0.017494401	0.7659832984	0.0175028462
5.4881061986	0.0174831897	0.7627019	0.0174785	0.0720886141	0.0174846034	0.7923965156	0.0174899492
5.6710430719	0.0174712166	0.7866375	0.0174592	0.0744915679	0.0174721368	0.8188097328	0.017477734
5.8539799452	0.0174599066	0.8118773	0.0174661	0.0768945217	0.0174585823	0.84522295	0.0174662787
6.0369168185	0.0174492132	0.8371923	0.0174331	0.0792974755	0.017444564	0.8716361672	0.0174555667
6.2198536918	0.0174390711	0.862687	0.0174261	0.0817004293	0.0174416993	0.8980493844	0.0174452681
6.402790565	0.0174294598	0.8854758	0.0174332	0.0841033831	0.017431641	0.9244626015	0.0174355321
6.5857274383	0.0174203273	0.9131917	0.0174118	0.0865063369	0.0174239464	0.9508758187	0.0174262282
6.7686643116	0.0174116455	0.9405052	0.0173982	0.0889092907	0.0174160395	0.9772890359	0.0174174588
6.9516011849	0.0174033679	0.9630318	0.0173925	0.0913122445	0.0173966829	1.0037022531	0.0174089614
7.1345380582	0.0173954926	0.9908594	0.0173925	0.0937151983	0.0173945073	1.0301154703	0.0174009316
7.3174749315	0.017387962	1.0154676	0.017381	0.0961181521	0.0173838809	1.0565286875	0.017393278
7.5004118048	0.0173807722	1.0448743	0.0173666	0.0985211059	0.0173746869	1.0829419047	0.0173859429
7.6833486781	0.0173739046	1.0746889	0.0173676	0.1009240597	0.0173702575	1.1093551219	0.0173790753
7.8662855513	0.0173673388	1.0991291	0.0173667	0.1033270136	0.0173656475	1.135768339	0.0173723884
8.0492224246	0.0173610393	1.1219568	0.0173508	0.1057299674	0.0173636284	1.1621815562	0.0173658989
8.2321592979	0.0173550025	1.1473505	0.0173556	0.1081329212	0.017351551	1.1885947734	0.0173598919
8.4150961712	0.0173492078	1.1726761	0.0173435	0.110535875	0.0173455663	1.2150079906	0.0173540078
8.5980330445	0.017343659	1.197011	0.0173375	0.1129388288	0.01734218	1.2414212078	0.0173483696
8.7809699178	0.0173383188	1.2271767	0.0173271	0.1153417826	0.0173377991	1.267834425	0.0173429418
8.9639067911	0.0173331816	1.2540333	0.0173276	0.1177447364	0.0173361674	1.2942476422	0.0173376296
9.1468436643	0.0173282456	1.2795257	0.0173122	0.1201476902	0.0173231978	1.3206608593	0.0173325948
9.3297805376	0.0173234884	1.3043902	0.0173192	0.122550644	0.0173175111	1.3470740765	0.0173277576
9.5127174109	0.0173189081	1.3298643	0.0173058	0.1249535978	0.0173163265	1.3734872937	0.0173230171
9.6956542842	0.0173144974	1.356822	0.0173181	0.1273565516	0.0173221715	1.3999005109	0.017318612
9.8785911575	0.0173102356	1.3823478	0.0173094	0.1297595054	0.0173132513	1.4263137281	0.0173142534
10.0615280308	0.0173061173	1.4076407	0.0172875	0.1321624592	0.0173012689	1.4527269453	0.0173101351
10.2444649041	0.0173021499	1.4328749	0.0172905	0.134565413	0.0173008628	1.4791401625	0.017305987
10.4274017774	0.0172983054	1.4564668	0.0172934	0.1369683668	0.0172946397	1.5055533797	0.0173021834
10.6103386506	0.0172946043	1.4868891	0.0172839	0.1393713206	0.0172919258	1.5319665968	0.0172984116
10.7932755239	0.0172910262	1.5094449	0.0172808	0.1417742744	0.0172895677	1.558379814	0.0172947105
10.9762123972	0.0172875524	1.5319178	0.0172797	0.1441772282	0.0172835365	1.5847930312	0.0172911417
11.1591492705	0.0172841866	1.5561747	0.0172676	0.146580182	0.0172800217	1.6112062484	0.0172877051
11.3420861438	0.0172809381	1.5815416	0.0172741	0.1489831358	0.0172889177	1.6376194656	0.0172844417
11.5250230171	0.0172777828	1.6054119	0.0172666	0.1513860896	0.0172756575	1.6640326828	0.0172812007
11.7079598904	0.0172747299	1.6277966	0.0172625	0.1537890434	0.0172681008	1.6904459	0.0172781013
