-1	0.0382153429	0.0382153429	0.0382153429	0.0382153429
0	0.0264727026	0.0271011107	0.0269598421	0.026496103
1	0.0180784706	0.0189654995	0.0181390885	0.0180953667
2	0.0125824474	0.0148698287	0.0137396408	0.0125859361
3	0.0089222919	0.0139654204	0.0094599519	0.0088797025
4	0.006444097	0.0130211487	0.0065764901	0.0064020227
5	0.0047393553	0.0144365951	0.0050729197	0.004711038
6	0.0035489348	0.0196884163	0.004105947	0.0035488727
7	0.0027059284	0.0157324616	0.002977029	0.0027036292
8	0.0021011424	0.0210686699	0.0035388565	0.0020862641
9	0.0016620562	0.0191845559	0.0022015751	0.0016751683
10	0.0013397827	0.0231136996	0.0017234413	0.0013461148
11	0.0011008919	0.0292156618	0.0016122841	0.0011011802
12	0.0009222082	0.0238310844	0.001532166	0.0009129219
13	0.0007874641	0.0294132773	0.0030618692	0.0007771146
14	0.000685099	0.0283258539	0.0023787604	0.0006897891
15	0.0006068025	0.033972133	0.0014087191	0.0006102677
16	0.0005465449	0.0355227739	0.0011697776	0.0005444622
17	0.0004999088	0.0377150066	0.0011016554	0.0005011118
18	0.0004636239	0.0420207381	0.0010636059	0.0004720381
19	0.0004352556	0.0465598181	0.0011474191	0.0004386581
20	0.0004129749	0.0454314686	0.0017824663	0.000415147
21	0.0003954015	0.047830727	0.0010748956	0.0003966596
22	0.0003814836	0.0498867594	0.0011634068	0.0003827464
23	0.0003704176	0.0569772646	0.0017166885	0.0003720424
24	0.0003615868	0.0587456189	0.0012669384	0.0003634084
25	0.0003545127	0.0590737611	0.0014468565	0.0003584036
26	0.0003488254	0.0580206104	0.0011973027	0.0003511884
27	0.0003442369	0.0726498067	0.0013457878	0.0003576222
28	0.0003405215	0.0605691299	0.0010507439	0.0003424275
29	0.0003375023	0.0628715605	0.0011906063	0.0003391065
30	0.0003350394	0.0820581838	0.0015407561	0.0003380178
31	0.0003330228	0.0720062181	0.0011106723	0.00033467
32	0.0003313647	0.0731129125	0.0017405017	0.0003335995
33	0.0003299958	0.0762619376	0.0014623633	0.0003319288
34	0.0003288609	0.0809722245	0.0011070807	0.0003315084
35	0.0003279159	0.0862160623	0.0012139549	0.0003312173
36	0.0003271249	0.0828205422	0.0012839262	0.0003319946
37	0.0003264598	0.0773023367	0.0017636612	0.0003289205
38	0.0003258976	0.1103464365	0.0011052523	0.0003275176
39	0.0003254199	0.0776362717	0.0016075131	0.000327217
40	0.0003250117	0.132175833	0.0012170181	0.0003266647
41	0.0003246609	0.0809694454	0.0011121811	0.0003264619
42	0.0003243576	0.1015322655	0.0014319628	0.0003274287
43	0.0003240937	0.0871429294	0.0010558743	0.0003258437
44	0.0003238631	0.0793793127	0.0010696735	0.0003256192
45	0.0003236599	0.0915242732	0.0021173111	0.0003254523
46	0.0003234801	0.0869216621	0.001093375	0.0003252251
47	0.0003233199	0.0779174864	0.0010515897	0.0003280042
48	0.0003231763	0.0856952667	0.0011841999	0.0003248779
49	0.000323047	0.0740444586	0.0018992024	0.0003263855
50	0.00032293	0.0785838813	0.0011025374	0.0003255321
51	0.0003228235	0.0888323039	0.0010472259	0.0003252832
52	0.0003227261	0.0877962857	0.0013816955	0.000324554
53	0.0003226369	0.1467619091	0.0015031147	0.0003278904
54	0.0003225544	0.0905719027	0.0010301061	0.0003269082
55	0.0003224782	0.0741758645	0.0010623233	0.0003243717
56	0.0003224075	0.0690370873	0.0015560307	0.0003242301
57	0.0003223415	0.071222797	0.0026661139	0.0003248022
58	0.00032228	0.0682432577	0.0017582001	0.0003246968
59	0.0003222224	0.0693312958	0.0017838156	0.0003242339
60	0.0003221685	0.105453223	0.0010483969	0.0003297127
61	0.0003221177	0.0728089884	0.0010605586	0.0003245446
62	0.0003220698	0.0594215021	0.0011604443	0.0003248823
63	0.0003220247	0.0571336001	0.0010681142	0.0003276189
