0	0.0382153429	0	0.0382153	0	0.0382153429	0	0.0382153429
0.0240399204	0.0264727026	0.0046078	0.025627	0.0027784817	0.0265019741	0.0057389513	0.0264441129
0.0480798408	0.0180784706	0.0113477	0.0178193	0.0055569634	0.0180884432	0.0114779025	0.0180578362
0.0721197613	0.0125824474	0.0159648	0.0123509	0.0083354451	0.0126119228	0.0172168538	0.0125654573
0.0961596817	0.0089222919	0.020559	0.0086808	0.0111139268	0.0089215189	0.0229558051	0.0089079412
0.1201996021	0.006444097	0.0251405	0.0062182	0.0138924085	0.0064777457	0.0286947563	0.0064327056
0.1442395225	0.0047393553	0.0314376	0.0049058	0.0166708902	0.0047357744	0.0344337076	0.0047302484
0.1682794429	0.0035489348	0.0380424	0.0034356	0.0194493718	0.0035600888	0.0401726589	0.0035413571
0.1923193634	0.0027059284	0.0426539	0.0026226	0.0222278535	0.0026628533	0.0459116101	0.00269998
0.2163592838	0.0021011424	0.0493172	0.0020623	0.0250063352	0.002083028	0.0516505614	0.0020966947
0.2403992042	0.0016620562	0.0612019	0.0016878	0.0277848169	0.0016529727	0.0573895127	0.0016586733
0.2644391246	0.0013397827	0.0657835	0.0013921	0.0305632986	0.0013374725	0.0631284639	0.0013373423
0.288479045	0.0011008919	0.072864	0.0010818	0.0333417803	0.0010868239	0.0688674152	0.0010991516
0.3125189655	0.0009222082	0.0790831	0.0009213	0.036120262	0.0009221412	0.0746063665	0.0009210141
0.3365588859	0.0007874641	0.0859136	0.0007888	0.0388987437	0.0007867312	0.0803453177	0.0007867012
0.3605988063	0.000685099	0.0904622	0.0006804	0.0416772254	0.0006846286	0.086084269	0.0006846018
0.3846387267	0.0006068025	0.096749	0.0006164	0.0444557071	0.0006097594	0.0918232203	0.0006065616
0.4086786471	0.0005465449	0.1013717	0.0005495	0.0472341888	0.0005545983	0.0975621715	0.0005464501
0.4327185676	0.0004999088	0.1079239	0.0005092	0.0500126705	0.0005057981	0.1033011228	0.0004999187
0.456758488	0.0004636239	0.1130161	0.000466	0.0527911521	0.0004668526	0.1090400741	0.0004636974
0.4807984084	0.0004352556	0.1196318	0.0004375	0.0555696338	0.0004424586	0.1147790253	0.0004353847
0.5048383288	0.0004129749	0.1242063	0.000424	0.0583481155	0.0004137331	0.1205179766	0.0004131359
0.5288782492	0.0003954015	0.1304909	0.0003966	0.0611265972	0.0003998569	0.1262569278	0.0003955911
0.5529181696	0.0003814836	0.1351111	0.0003851	0.0639050789	0.0003826883	0.1319958791	0.000381677
0.5769580901	0.0003704176	0.1417537	0.0003752	0.0666835606	0.0003716724	0.1377348304	0.0003706178
0.6009980105	0.0003615868	0.1463693	0.0003728	0.0694620423	0.0003632579	0.1434737816	0.0003617828
0.6250379309	0.0003545127	0.1531113	0.0003562	0.072240524	0.0003561377	0.1492127329	0.0003546976
0.6490778513	0.0003488254	0.1576955	0.0003583	0.0750190057	0.0003506173	0.1549516842	0.0003490019
0.6731177717	0.0003442369	0.1622737	0.0003511	0.0777974874	0.0003471364	0.1606906354	0.000344405
0.6971576922	0.0003405215	0.1680775	0.0003415	0.0805759691	0.0003444467	0.1664295867	0.000340677
0.7211976126	0.0003375023	0.1747225	0.0003415	0.0833544508	0.0003426584	0.172168538	0.0003376486
0.745237533	0.0003350394	0.1802949	0.0003359	0.0861329325	0.0003392742	0.1779074892	0.0003351765
0.7692774534	0.0003330228	0.1866005	0.0003338	0.0889114141	0.0003376265	0.1836464405	0.0003331509
0.7933173738	0.0003313647	0.1938161	0.0003346	0.0916898958	0.0003343604	0.1893853918	0.0003314852
0.8173572943	0.0003299958	0.2007577	0.0003307	0.0944683775	0.0003324986	0.195124343	0.000330112
0.8413972147	0.0003288609	0.2071142	0.0003326	0.0972468592	0.0003314928	0.2008632943	0.0003289727
0.8654371351	0.0003279159	0.2140967	0.0003307	0.1000253409	0.0003314697	0.2066022456	0.0003280229
0.8894770555	0.0003271249	0.2204892	0.0003292	0.1028038226	0.0003303066	0.2123411968	0.0003272272
0.9135169759	0.0003264598	0.2274041	0.0003305	0.1055823043	0.0003286106	0.2180801481	0.0003265598
0.9375568964	0.0003258976	0.2320196	0.0003264	0.108360786	0.0003277052	0.2238190994	0.0003259952
0.9615968168	0.0003254199	0.236644	0.0003294	0.1111392677	0.0003272766	0.2295580506	0.0003255154
0.9856367372	0.0003250117	0.2412368	0.0003283	0.1139177494	0.0003275049	0.2352970019	0.0003251065
1.0096766576	0.0003246609	0.2458454	0.0003312	0.1166962311	0.0003265419	0.2410359532	0.0003247565
1.033716578	0.0003243576	0.2522492	0.0003284	0.1194747128	0.0003260919	0.2467749044	0.0003244526
1.0577564985	0.0003240937	0.2568396	0.0003251	0.1222531945	0.0003259215	0.2525138557	0.0003241889
1.0817964189	0.0003238631	0.2635716	0.000326	0.1250316761	0.0003273846	0.258252807	0.0003239565
1.1058363393	0.0003236599	0.2681766	0.0003288	0.1278101578	0.0003259084	0.2639917582	0.0003237533
1.1298762597	0.0003234801	0.2727974	0.0003426	0.1305886395	0.0003269905	0.2697307095	0.0003235751
1.1539161801	0.0003233199	0.2794021	0.0003246	0.1333671212	0.0003273423	0.2754696608	0.0003234129
1.1779561006	0.0003231763	0.284003	0.0003258	0.1361456029	0.0003278497	0.281208612	0.0003232708
1.201996021	0.000323047	0.2885972	0.0003285	0.1389240846	0.0003251434	0.2869475633	0.0003231439
1.2260359414	0.00032293	0.2949759	0.0003236	0.1417025663	0.000326826	0.2926865146	0.000323025
1.2500758618	0.0003228235	0.300005	0.0003248	0.144481048	0.0003248076	0.2984254658	0.0003229196
1.2741157822	0.0003227261	0.3046055	0.0003234	0.1472595297	0.0003280493	0.3041644171	0.0003228221
1.2981557027	0.0003226369	0.3109134	0.0003237	0.1500380114	0.0003244033	0.3099033684	0.0003227329
1.3221956231	0.0003225544	0.3155515	0.0003233	0.1528164931	0.0003279004	0.3156423196	0.0003226495
1.3462355435	0.0003224782	0.3201558	0.000324	0.1555949748	0.0003242257	0.3213812709	0.0003225731
1.3702754639	0.0003224075	0.3258627	0.0003229	0.1583734564	0.0003252162	0.3271202222	0.000322503
1.3943153843	0.0003223415	0.3304922	0.0003234	0.1611519381	0.0003242195	0.3328591734	0.0003224362
1.4183553047	0.00032228	0.3351365	0.0003234	0.1639304198	0.0003250065	0.3385981247	0.0003223749
1.4423952252	0.0003222224	0.3417438	0.0003246	0.1667089015	0.0003328082	0.3443370759	0.0003223166
1.4664351456	0.0003221685	0.3463475	0.000337	0.1694873832	0.0003241091	0.3500760272	0.0003222616
1.490475066	0.0003221177	0.3525207	0.0003234	0.1722658649	0.0003272878	0.3558149785	0.0003222105
1.5145149864	0.0003220698	0.3570887	0.0003439	0.1750443466	0.0003249295	0.3615539297	0.0003221634
1.5385549068	0.0003220247	0.3616885	0.0003239	0.1778228283	0.0003243145	0.367292881	0.0003221186
