-1	0.0244935621	0.0244935621	0.0244935621	0.0244935621	0.0244935621	0.0244935621	0.0244935621
0	0.0121214204	0.0130116856	0.0129171889	0.0125743803	0.0123706628	0.0127752265	0.0125256106
1	0.0086717447	0.009712413	0.0098484885	0.0090884147	0.0088345343	0.0095210178	0.0089402907
2	0.0063488707	0.0075864899	0.0077977781	0.0068254229	0.0066175759	0.0072186533	0.0069880821
3	0.0047751502	0.0059701987	0.0060571441	0.0052320943	0.0049888287	0.0053811455	0.0052715768
4	0.0037024764	0.0047084368	0.004771546	0.0040570549	0.0039375103	0.0042364644	0.0044952156
5	0.0029669343	0.0040851855	0.0040717348	0.0032794247	0.0034864217	0.0035766964	0.0036776424
6	0.0024596003	0.0033358573	0.0032331841	0.0031407003	0.0029964668	0.0031607384	0.0036057194
7	0.0021076652	0.0029400033	0.0027457727	0.002552185	0.002709565	0.0027698509	0.0030552179
8	0.0018621782	0.0024543859	0.0024824536	0.0022671083	0.0027675866	0.0027832841	0.0033287052
9	0.0016900265	0.0023880042	0.0024488596	0.0021459353	0.0024818103	0.0024944574	0.003184699
10	0.0015686882	0.0024537717	0.0020776768	0.0022544905	0.0024268616	0.0025586844	0.0035598236
11	0.0014827439	0.0027233744	0.0019652771	0.0020583323	0.0021507323	0.002511556	0.0037222507
12	0.0014215906	0.0022010142	0.0019463594	0.0021661005	0.002055139	0.0024925517	0.0042291898
13	0.0013778833	0.0023146742	0.0018970742	0.0020174712	0.0022949341	0.002544059	0.0041522258
14	0.0013465144	0.0019794058	0.001971469	0.0020067939	0.0021095821	0.0026196728	0.0046692281
15	0.0013239132	0.0022440299	0.0020040607	0.0021145705	0.0022590647	0.0026546845	0.004704901
16	0.0013075677	0.0019907618	0.0021333355	0.0020501716	0.0024530634	0.0030430579	0.0054696929
17	0.0012957036	0.0020489197	0.0020594571	0.0019889562	0.0027351575	0.0028019352	0.0051372331
18	0.0012870643	0.0020872697	0.0019751471	0.002464351	0.0024326285	0.002931569	0.005565804
19	0.0012807532	0.0021724328	0.0019249254	0.0021120221	0.0023054385	0.0029989181	0.0054643098
20	0.0012761282	0.0020420335	0.0018194322	0.0024791751	0.0022417412	0.0031563248	0.006147142
21	0.0012727292	0.0022820828	0.0018799875	0.0023002336	0.0025251505	0.0031075876	0.006002238
22	0.001270225	0.0020049866	0.002280951	0.0026483021	0.00239994	0.0031446791	0.0063664955
23	0.0012683745	0.0019854852	0.0019453735	0.002310232	0.0026489936	0.0033217694	0.0066730622
24	0.0012670036	0.0020538908	0.0021403157	0.0023791722	0.0028377681	0.0033876931	0.0070116338
25	0.0012659855	0.0020317994	0.0021555913	0.0021957881	0.0027976029	0.0032565666	0.0071539255
26	0.0012652277	0.0020264045	0.0021696633	0.0023899493	0.0028189295	0.0033462383	0.0073240981
27	0.0012646617	0.0020161755	0.002008117	0.0021819619	0.0025419795	0.0033266903	0.0072294883
28	0.0012642383	0.0021024756	0.0020755418	0.002182459	0.0024238327	0.0038480405	0.0074644447
29	0.0012639214	0.0023272648	0.0021666617	0.0021132932	0.0026093726	0.0034139066	0.0076473122
30	0.0012636828	0.0024243742	0.0035725059	0.0024269887	0.0025012223	0.0034118758	0.0079180114
31	0.0012635029	0.0022646752	0.0020159674	0.0025962703	0.0026499256	0.0034268016	0.0079460992
32	0.0012633674	0.0021017753	0.0019975521	0.002378681	0.0027587586	0.0037957337	0.0083153332
33	0.0012632643	0.0022539729	0.0020145702	0.0021621594	0.0026900489	0.0034747268	0.0081022996
34	0.0012631865	0.0026852617	0.0025168457	0.0025025336	0.0025479577	0.0035773227	0.0083544841
35	0.0012631267	0.0023571732	0.0030019637	0.0023307765	0.0024530708	0.0036306842	0.0082937898
36	0.0012630812	0.0021922204	0.0022862754	0.0025906372	0.0023271793	0.0038640785	0.0085604675
37	0.0012630465	0.0020220517	0.0026598668	0.0023456141	0.0027341214	0.003651133	0.00849202
38	0.0012630201	0.0022455049	0.0019713845	0.0028811365	0.0024791025	0.0037071297	0.0086813997
39	0.0012629995	0.0021764527	0.0023315737	0.0023926839	0.0026009574	0.0038011575	0.0086990958
40	0.0012629838	0.0021631692	0.0022215701	0.0022951693	0.0028442494	0.0039374824	0.0088555347
41	0.0012629713	0.0023148679	0.0026127377	0.0022867762	0.0026854752	0.0037643677	0.0085714078
42	0.0012629619	0.002402941	0.001968774	0.0023780754	0.0028111339	0.0038853192	0.0091814213
43	0.0012629541	0.0023865881	0.0019637637	0.002107688	0.0024761253	0.0037617432	0.0086022587
44	0.0012629483	0.0022072182	0.0022825578	0.0021470585	0.0023810796	0.0039054751	0.0086999321
45	0.0012629438	0.0033010177	0.002074721	0.0019949581	0.0027050988	0.0036705125	0.0087905237
46	0.00126294	0.0020658707	0.00212154	0.0020718877	0.0024527926	0.0037819245	0.008828274
47	0.0012629371	0.0021333206	0.0022445123	0.0022681036	0.0025364379	0.0038618313	0.0088625848
48	0.0012629349	0.001960323	0.0021596281	0.0021932377	0.0027846168	0.004055893	0.0090520941
49	0.001262933	0.0021016684	0.0021620151	0.0020638427	0.0028492031	0.003740693	0.0087376321
50	0.001262932	0.0020773332	0.0022359462	0.0026891893	0.0026505818	0.0037672757	0.0089084124
51	0.0012629302	0.0020361217	0.0020567169	0.0023815965	0.0024267032	0.0037441128	0.0085956026
52	0.0012629294	0.0022402664	0.002039514	0.002395316	0.002335123	0.0040280409	0.0087796124
53	0.0012629282	0.0022269245	0.0021126997	0.0022952366	0.0027341323	0.0038130456	0.0088266637
54	0.0012629278	0.002194037	0.0026823566	0.0026736923	0.0023827567	0.0039411448	0.0087844562
55	0.0012629274	0.0020915996	0.0020813379	0.0024593959	0.002614269	0.003816494	0.0088109327
56	0.0012629271	0.0021876262	0.0020678148	0.0024099278	0.0028797921	0.0042093885	0.0090565234
57	0.0012629268	0.0022722899	0.0022148204	0.0022519643	0.0030787904	0.0038187427	0.0087180929
58	0.0012629261	0.0020709601	0.0020657566	0.0023415363	0.0025957134	0.00385341	0.0089535797
59	0.001262926	0.0019998371	0.0020666376	0.00214215	0.0024361794	0.0037251643	0.0087520108
60	0.0012629257	0.0025034887	0.0021419867	0.0023079249	0.0023208077	0.0039154543	0.0089475997
61	0.0012629257	0.0019520228	0.0021344128	0.0021815244	0.002931501	0.0036892197	0.0088673262
62	0.0012629254	0.0019400835	0.0036208867	0.0023746365	0.0024769846	0.0037715472	0.0091815377
63	0.0012629252	0.0023334648	0.0020099161	0.0024692083	0.002577848	0.0037399479	0.0090371091
