0	0.0244935621	0	0.0244936	0	0.0244935621	0	0.0244935621
0.0022442043	0.0121214204	0.0014709	0.0121406	0.0001732334	0.0137648731	0.0006388426	0.0121214138
0.0044884086	0.0086717447	0.0027809	0.0086857	0.0003464669	0.010949593	0.0012776852	0.0086717093
0.0067326128	0.0063488707	0.0041139	0.0064191	0.0005197003	0.0088190138	0.0019165277	0.0063489699
0.0089768171	0.0047751502	0.0054471	0.0047836	0.0006929338	0.007278325	0.0025553703	0.0047754324
0.0112210214	0.0037024764	0.0063512	0.0037107	0.0008661672	0.0060742707	0.0031942129	0.0037028152
0.0134652257	0.0029669343	0.0072546	0.0029715	0.0010394007	0.0050372621	0.0038330555	0.0029673805
0.01570943	0.0024596003	0.0086216	0.0024707	0.0012126341	0.0042327032	0.0044718981	0.0024601
0.0179536343	0.0021076652	0.009857	0.0021119	0.0013858676	0.003621975	0.0051107407	0.0021081672
0.0201978385	0.0018621782	0.0112883	0.0018671	0.001559101	0.0031568585	0.0057495832	0.0018626108
0.0224420428	0.0016900265	0.0125054	0.001692	0.0017323345	0.0027795236	0.0063884258	0.0016904423
0.0246862471	0.0015686882	0.0137428	0.0015746	0.0019055679	0.002473955	0.0070272684	0.0015690676
0.0269304514	0.0014827439	0.014993	0.0014863	0.0020788014	0.0023498375	0.007666111	0.0014830618
0.0291746557	0.0014215906	0.0162704	0.0014221	0.0022520348	0.0020735641	0.0083049536	0.0014218831
0.03141886	0.0013778833	0.0172343	0.0013777	0.0024252683	0.0019232145	0.0089437962	0.0013781012
0.0336630642	0.0013465144	0.0186669	0.0013509	0.0025985017	0.0018166765	0.0095826387	0.0013467144
0.0359072685	0.0013239132	0.0195416	0.0013235	0.0027717352	0.0017020466	0.0102214813	0.0013240712
0.0381514728	0.0013075677	0.0209935	0.0013161	0.0029449686	0.0016199511	0.0108603239	0.0013076771
0.0403956771	0.0012957036	0.022405	0.0012952	0.0031182021	0.0015882291	0.0114991665	0.0012957844
0.0426398814	0.0012870643	0.0238071	0.0012869	0.0032914355	0.0015116234	0.0121380091	0.0012871413
0.0448840857	0.0012807532	0.0251675	0.0012834	0.003464669	0.0015171533	0.0127768517	0.0012808122
0.0471282899	0.0012761282	0.0260624	0.0012755	0.0036379024	0.0014312656	0.0134156942	0.0012761707
0.0493724942	0.0012727292	0.0273467	0.0012721	0.0038111359	0.0014240823	0.0140545368	0.0012727763
0.0516166985	0.001270225	0.0282239	0.0012713	0.0039843693	0.0014520516	0.0146933794	0.0012702493
0.0538609028	0.0012683745	0.029492	0.001269	0.0041576028	0.0014043309	0.015332222	0.0012683673
0.0561051071	0.0012670036	0.0308585	0.0012716	0.0043308362	0.0013517619	0.0159710646	0.0012670055
0.0583493114	0.0012659855	0.0321711	0.0012661	0.0045040697	0.0013536813	0.0166099072	0.0012660068
0.0605935156	0.0012652277	0.0330872	0.0012649	0.0046773031	0.001337212	0.0172487497	0.0012652228
0.0628377199	0.0012646617	0.0343221	0.0012662	0.0048505366	0.001326846	0.0178875923	0.0012646616
0.0650819242	0.0012642383	0.0356878	0.0012639	0.00502377	0.0013272628	0.0185264349	0.0012642519
0.0673261285	0.0012639214	0.0370539	0.0012666	0.0051970035	0.0013314027	0.0191652775	0.001263913
0.0695703328	0.0012636828	0.0384664	0.0012636	0.0053702369	0.0013318381	0.0198041201	0.0012636777
0.071814537	0.0012635029	0.0397234	0.0012632	0.0055434704	0.0013378925	0.0204429626	0.0012635062
0.0740587413	0.0012633674	0.0411385	0.001263	0.0057167038	0.0014096716	0.0210818052	0.0012633585
0.0763029456	0.0012632643	0.0426421	0.0012677	0.0058899373	0.0013043082	0.0217206478	0.0012632463
0.0785471499	0.0012631865	0.044287	0.0012646	0.0060631707	0.0013080755	0.0223594904	0.0012631757
0.0807913542	0.0012631267	0.0456318	0.0012631	0.0062364042	0.0013066332	0.022998333	0.0012631057
0.0830355585	0.0012630812	0.0468607	0.0012625	0.0064096376	0.0013773283	0.0236371756	0.0012630393
0.0852797627	0.0012630465	0.0477968	0.0012638	0.0065828711	0.0013080671	0.0242760181	0.0012630342
0.087523967	0.0012630201	0.0497703	0.0012657	0.0067561045	0.0013059054	0.0249148607	0.0012630003
0.0897681713	0.0012629995	0.0509281	0.0012629	0.006929338	0.0013014587	0.0255537033	0.0012629839
0.0920123756	0.0012629838	0.0522408	0.0012625	0.0071025714	0.001426879	0.0261925459	0.0012629707
0.0942565799	0.0012629713	0.0534661	0.0012628	0.0072758049	0.0013054269	0.0268313885	0.001262971
0.0965007842	0.0012629619	0.0547236	0.0012623	0.0074490383	0.0013361698	0.0274702311	0.0012629527
0.0987449884	0.0012629541	0.0561621	0.0012623	0.0076222718	0.0012936977	0.0281090736	0.0012629383
0.1009891927	0.0012629483	0.0574081	0.0012622	0.0077955052	0.0012951455	0.0287479162	0.0012629359
0.103233397	0.0012629438	0.0584468	0.0012629	0.0079687387	0.0012921374	0.0293867588	0.0012629237
0.1054776013	0.00126294	0.0598455	0.0012623	0.0081419721	0.0012886676	0.0300256014	0.0012629066
0.1077218056	0.0012629371	0.0611224	0.0012642	0.0083152056	0.0012931308	0.030664444	0.0012629252
0.1099660099	0.0012629349	0.0621018	0.0012622	0.008488439	0.0013143579	0.0313032866	0.0012629334
0.1122102141	0.001262933	0.0632995	0.0012626	0.0086616725	0.0013828768	0.0319421291	0.0012629338
0.1144544184	0.001262932	0.0646769	0.0012622	0.0088349059	0.0012925225	0.0325809717	0.0012629152
0.1166986227	0.0012629302	0.0659714	0.0012625	0.0090081394	0.0013184282	0.0332198143	0.001262915
0.118942827	0.0012629294	0.0668821	0.0012622	0.0091813728	0.0013077377	0.0338586569	0.0012628913
0.1211870313	0.0012629282	0.0681654	0.0012652	0.0093546063	0.001318179	0.0344974995	0.0012629399
0.1234312356	0.0012629278	0.0693616	0.0012645	0.0095278397	0.0013136114	0.035136342	0.0012629135
0.1256754398	0.0012629274	0.0706366	0.0012641	0.0097010732	0.0013744584	0.0357751846	0.0012629188
0.1279196441	0.0012629271	0.0718549	0.0012622	0.0098743066	0.001308741	0.0364140272	0.0012629092
0.1301638484	0.0012629268	0.0731053	0.0012622	0.0100475401	0.0013182382	0.0370528698	0.0012629081
0.1324080527	0.0012629261	0.0740134	0.0012634	0.0102207735	0.0013488971	0.0376917124	0.0012629136
0.134652257	0.001262926	0.075275	0.0012625	0.010394007	0.0013372481	0.038330555	0.0012629413
0.1368964612	0.0012629257	0.0765301	0.0012623	0.0105672404	0.0013002462	0.0389693975	0.0012629126
0.1391406655	0.0012629257	0.0775491	0.0012666	0.0107404739	0.0013863384	0.0396082401	0.0012629097
0.1413848698	0.0012629254	0.0784333	0.0012622	0.0109137073	0.0013034727	0.0402470827	0.0012629211
0.1436290741	0.0012629252	0.0796749	0.0012657	0.0110869408	0.0012970044	0.0408859253	0.0012628976
