-1	0.0382153429	0.0382153429	0.0382153429	0.0382153429	0.0382153429	0.0382153429
0	0.0264727026	0.0271011107	0.0363526307	0.0362926386	0.0379532091	0.0379534438
1	0.0180784706	0.0189654995	0.0345547199	0.0345460251	0.0377112292	0.0377119705
2	0.0125824474	0.0148698287	0.0328556411	0.0328846537	0.0374713242	0.0374706984
3	0.0089222919	0.0139654204	0.0312495083	0.0312602557	0.0372331478	0.037234921
4	0.006444097	0.0130211487	0.029730862	0.0297292266	0.0369966589	0.0370033868
5	0.0047393553	0.0144365951	0.0282945596	0.0283410829	0.0367618427	0.0367806889
6	0.0035489348	0.0196884163	0.0269357637	0.0269319192	0.0365286805	0.0365520939
7	0.0027059284	0.0157324616	0.0256499574	0.025601849	0.0362971872	0.0363305807
8	0.0021011424	0.0210686699	0.0244329069	0.0243458245	0.0360673219	0.0360996239
9	0.0016620562	0.0191845559	0.0232806206	0.02317385	0.0358390734	0.0358637124
10	0.0013397827	0.0231136996	0.0221893713	0.0222368781	0.0356124341	0.0356423035
11	0.0011008919	0.0292156618	0.0211556405	0.0211738721	0.0353874005	0.0354162119
12	0.0009222082	0.0238310844	0.0201761462	0.0200835746	0.0351639614	0.0351873226
13	0.0007874641	0.0294132773	0.0192477889	0.0191965476	0.0349420831	0.0349724963
14	0.000685099	0.0283258539	0.0183676761	0.0183380749	0.0347217768	0.0347484089
15	0.0006068025	0.033972133	0.0175330713	0.0176462214	0.0345030203	0.0345281214
16	0.0005465449	0.0355227739	0.016741408	0.0169156771	0.0342858061	0.0343043096
17	0.0004999088	0.0377150066	0.0159902796	0.0159543846	0.0340701193	0.0340888351
18	0.0004636239	0.0420207381	0.0152774276	0.015236699	0.0338559411	0.0338844955
19	0.0004352556	0.0465598181	0.0146007109	0.014693887	0.0336432755	0.0336705931
20	0.0004129749	0.0454314686	0.0139581356	0.0139368633	0.0334321	0.0334568731
21	0.0003954015	0.047830727	0.0133478213	0.0133613711	0.0332224108	0.0332420394
22	0.0003814836	0.0498867594	0.0127679929	0.0128282215	0.0330141783	0.0330409482
23	0.0003704176	0.0569772646	0.0122169778	0.0122999288	0.0328074209	0.0328317061
24	0.0003615868	0.0587456189	0.0116932075	0.0118583636	0.0326020978	0.0326226577
25	0.0003545127	0.0590737611	0.011195207	0.0113460273	0.0323982202	0.0324154124
26	0.0003488254	0.0580206104	0.0107215829	0.0109378919	0.0321957693	0.0322189443
27	0.0003442369	0.0726498067	0.0102710286	0.0104426546	0.031994734	0.0320205577
28	0.0003405215	0.0605691299	0.0098423073	0.010083192	0.0317950994	0.0318221487
29	0.0003375023	0.0628715605	0.0094342539	0.0096725244	0.031596873	0.0316225626
30	0.0003350394	0.0820581838	0.0090457676	0.0093002347	0.0314000212	0.0314248018
31	0.0003330228	0.0720062181	0.0086758193	0.0089943456	0.0312045384	0.0312329102
32	0.0003313647	0.0731129125	0.0083234347	0.0089354981	0.0310104247	0.0310370792
33	0.0003299958	0.0762619376	0.007987692	0.0086607132	0.030817654	0.0308440737
34	0.0003288609	0.0809722245	0.0076677348	0.0080674803	0.0306262448	0.030653106
35	0.0003279159	0.0862160623	0.0073627275	0.0076994253	0.0304361489	0.0304553565
36	0.0003271249	0.0828205422	0.0070719076	0.0077370848	0.030247381	0.0302695595
37	0.0003264598	0.0773023367	0.0067945528	0.0071799094	0.0300599281	0.0300832149
38	0.0003258976	0.1103464365	0.0065299636	0.0069271997	0.029873779	0.0298961885
39	0.0003254199	0.0776362717	0.0062774913	0.0066448669	0.0296889227	0.0297092125
40	0.0003250117	0.132175833	0.0060365191	0.0068236128	0.0295053404	0.0295279212
41	0.0003246609	0.0809694454	0.0058064791	0.0062671038	0.0293230433	0.0293398257
42	0.0003243576	0.1015322655	0.0055868104	0.0061347052	0.0291420016	0.0291488618
43	0.0003240937	0.0871429294	0.0053770002	0.0058454666	0.0289622098	0.0289647896
44	0.0003238631	0.0793793127	0.0051765665	0.0056779678	0.0287836678	0.0287920814
45	0.0003236599	0.0915242732	0.0049850331	0.0055055972	0.0286063682	0.0286132265
46	0.0003234801	0.0869216621	0.0048019597	0.0053645396	0.0284302924	0.0284309108
47	0.0003233199	0.0779174864	0.0046269307	0.0051493086	0.0282554328	0.0282532983
48	0.0003231763	0.0856952667	0.0044595636	0.0050787819	0.0280817784	0.0280813351
49	0.000323047	0.0740444586	0.0042994805	0.0050213314	0.0279093198	0.0279029105
50	0.00032293	0.0785838813	0.0041463324	0.0048699961	0.0277380589	0.0277332496
51	0.0003228235	0.0888323039	0.0039997827	0.0047055557	0.0275679752	0.027559286
52	0.0003227261	0.0877962857	0.0038595181	0.0046392139	0.0273990575	0.0273931548
53	0.0003226369	0.1467619091	0.0037252384	0.0045512374	0.0272313207	0.0272209663
54	0.0003225544	0.0905719027	0.0035966597	0.0045877676	0.027064722	0.0270590633
55	0.0003224782	0.0741758645	0.0034735135	0.004365765	0.0268992744	0.0268907286
56	0.0003224075	0.0690370873	0.0033555473	0.004218725	0.0267349575	0.0267274994
57	0.0003223415	0.071222797	0.0032425125	0.0040833815	0.0265717804	0.0265643466
58	0.00032228	0.0682432577	0.0031341782	0.0040148813	0.0264097191	0.0264046974
59	0.0003222224	0.0693312958	0.0030303358	0.0039081099	0.0262487698	0.0262384545
60	0.0003221685	0.105453223	0.0029307716	0.0042562447	0.0260889288	0.0260776728
61	0.0003221177	0.0728089884	0.0028352947	0.0041046869	0.0259301793	0.0259147063
62	0.0003220698	0.0594215021	0.0027437161	0.0038170051	0.0257725194	0.0257544257
63	0.0003220247	0.0571336001	0.0026558612	0.0038626331	0.0256159399	0.025605835
