-1	0.2502500117	0.2502500117	0.2502500117	0.2502500117
0	0.1111228764	0.1113309935	0.1153020784	0.1228131503
1	0.1008101776	0.1020358056	0.103118442	0.1114358306
2	0.0928106532	0.0986259505	0.0933452621	0.1038575768
3	0.0863532871	0.0886637866	0.0877758935	0.0887745693
4	0.0810563937	0.0832240582	0.0815205798	0.0829891935
5	0.0766747445	0.1112895161	0.0769088492	0.0782469884
6	0.0730288848	0.0774434209	0.074642472	0.0734910071
7	0.0699796602	0.0748653561	0.0708219782	0.0714057833
8	0.0674166828	0.070261538	0.0750909671	0.0683547705
9	0.0652514622	0.0795007572	0.0681387559	0.0708222538
10	0.0634126291	0.0836210847	0.06672398	0.068011269
11	0.061842598	0.0642835274	0.0627893433	0.0694572479
12	0.0604946092	0.1882793009	0.0615098886	0.0711263791
13	0.0593307056	0.0918552205	0.0675999373	0.0742680356
14	0.0583200008	0.0598197132	0.0627611503	0.0643884987
15	0.0574372746	0.0668162778	0.058565978	0.0743980631
16	0.0566619262	0.0798376873	0.0593380257	0.0686201081
17	0.055977039	0.0637136847	0.0615576729	0.0716833174
18	0.0553686954	0.0577881485	0.0600941963	0.0649871826
19	0.05482544	0.0679340959	0.0755659565	0.0709958449
20	0.0543377511	0.0731000677	0.0604248904	0.0714734271
21	0.0538977832	0.1155541539	0.0635648221	0.0721427277
22	0.0534989946	0.0743983611	0.1031430513	0.070741646
23	0.0531358346	0.0555346012	0.0766552165	0.069538787
24	0.052803766	0.1804724783	0.0541001298	0.0643547699
25	0.0524989031	0.1073855236	0.0540165789	0.0658834502
26	0.052217938	0.0689769611	0.0571092889	0.0654094592
27	0.0519581437	0.0616692007	0.0622732043	0.0602217242
28	0.05171711	0.0833437964	0.0578895882	0.0637276769
29	0.0514928102	0.0647181571	0.1351875663	0.0614459366
30	0.051283516	0.1483474374	0.1366608292	0.062719956
31	0.0510876998	0.0617680922	0.0526186042	0.0624758229
32	0.0509040728	0.0668193251	0.0662527308	0.0581832826
33	0.0507314764	0.0617164746	0.0525029674	0.0615586191
34	0.0505689271	0.1200973615	0.0622942857	0.0581801385
35	0.050415542	0.3063642681	0.0801695287	0.0550964251
36	0.0502705611	0.0543401055	0.0607606433	0.0589944273
37	0.0501332656	0.1770064533	0.0535352007	0.0542481206
38	0.0500030778	0.0532754026	0.0720085055	0.0546167344
39	0.0498794429	0.0696899444	0.0648345575	0.0569356084
40	0.0497618653	0.0769686475	0.0538890027	0.055127643
41	0.0496499203	0.2655414939	0.0742474794	0.0556104966
42	0.0495432094	0.0535846576	0.0549198426	0.0555325076
43	0.0494413711	0.0531966127	0.0547763854	0.0535224415
44	0.049344074	0.0606749319	0.0796249211	0.0525966845
45	0.0492510237	0.0766702369	0.0543222539	0.0569248162
46	0.0491619706	0.3448626995	0.0517299622	0.0550241582
47	0.0490766466	0.507783711	0.0507187881	0.0547061153
48	0.0489948243	0.0984231904	0.0564374924	0.0537340268
49	0.0489163026	0.0544150956	0.0505151488	0.0532489754
50	0.0488408953	0.0523475334	0.0541501418	0.0525350757
51	0.0487684235	0.0551268794	0.0724102929	0.0516257398
52	0.0486987047	0.0616242439	0.0531162284	0.0509129874
53	0.0486316346	0.1834589541	0.0509857722	0.0526936091
54	0.0485669971	0.3470983207	0.0513915904	0.0512470268
55	0.0485047325	0.3327394426	0.0506324247	0.0508461446
56	0.0484446734	0.0556570925	0.0956783667	0.0510817803
57	0.048386734	0.0582623594	0.0517252982	0.0513676628
58	0.0483307876	0.055971209	0.0528232679	0.0512118712
59	0.0482767485	0.1059163958	0.0669427365	0.0513755791
60	0.0482245274	0.0545848198	0.0623795725	0.050695274
61	0.0481740274	0.2632949352	0.0498728864	0.0505208969
62	0.0481251627	0.0557114556	0.0743057653	0.0504336134
63	0.048077859	0.1090172008	0.050137151	0.0503860377
