-1	0.2502500117	0.2502500117	0.2502500117	0.2502500117	0.2502500117	0.2502500117	0.2502500117
0	0.1111228764	0.1113309935	0.1110453829	0.1192707643	0.1134745851	0.1111039072	0.1140311882
1	0.1008101776	0.1020358056	0.1011717916	0.111118935	0.1048003137	0.1011039615	0.1030948013
2	0.0928106532	0.0986259505	0.0935947821	0.0930039957	0.0943781137	0.0933959708	0.1002941951
3	0.0863532871	0.0886637866	0.0994680449	0.0966837779	0.0891010165	0.0889710933	0.0978469476
4	0.0810563937	0.0832240582	0.0982682481	0.0999239609	0.0837139562	0.0823104829	0.0953000188
5	0.0766747445	0.1112895161	0.0796211213	0.0770031884	0.0918506011	0.0788196474	0.1028822884
6	0.0730288848	0.0774434209	0.106135793	0.0797379166	0.0831829533	0.0753652155	0.0978866518
7	0.0699796602	0.0748653561	0.0894154608	0.1143545508	0.0779710114	0.0786782131	0.1101309806
8	0.0674166828	0.070261538	0.0747301802	0.0693233237	0.0999934748	0.0702984035	0.0951761454
9	0.0652514622	0.0795007572	0.0670559481	0.1071078479	0.0926944911	0.0699372739	0.1201863885
10	0.0634126291	0.0836210847	0.0707879215	0.1181977391	0.0834674686	0.0675688535	0.0912682712
11	0.061842598	0.0642835274	0.0628526285	0.1192552745	0.0830953643	0.0836416036	0.1216637194
12	0.0604946092	0.1882793009	0.0889619365	0.1018341705	0.0720901415	0.0637557805	0.0859533846
13	0.0593307056	0.0918552205	0.0616925657	0.0604951233	0.143846795	0.0630457923	0.1347340792
14	0.0583200008	0.0598197132	0.1519950628	0.1345825046	0.0652947202	0.0639765412	0.0928649008
15	0.0574372746	0.0668162778	0.1729004085	0.065169692	0.0706487373	0.086368382	0.1260242164
16	0.0566619262	0.0798376873	0.0971200764	0.1570965946	0.1168145984	0.0631221384	0.0954034626
17	0.055977039	0.0637136847	0.0582936108	0.1223030239	0.1093047857	0.0605256781	0.1370451301
18	0.0553686954	0.0577881485	0.1238459498	0.0821113735	0.0845200866	0.0641501248	0.1083188727
19	0.05482544	0.0679340959	0.0765476823	0.1504594833	0.0958890021	0.0932982042	0.1337113827
20	0.0543377511	0.0731000677	0.0838788077	0.1813158989	0.0731430501	0.0602675825	0.1137691736
21	0.0538977832	0.1155541539	0.0566909425	0.0737079605	0.2173036933	0.0679801702	0.1282206178
22	0.0534989946	0.0743983611	0.0624012314	0.103728354	0.0602700561	0.0724579096	0.1148108169
23	0.0531358346	0.0555346012	0.0741250515	0.1117672026	0.0750039294	0.1003478542	0.1327326596
24	0.052803766	0.1804724783	0.0621984564	0.0570029952	0.155835256	0.0608711801	0.1396665722
25	0.0524989031	0.1073855236	0.1004254594	0.1336333007	0.1334228814	0.0602201596	0.1482346356
26	0.052217938	0.0689769611	0.2039370984	0.1557073444	0.0664587617	0.0868224651	0.1393954158
27	0.0519581437	0.0616692007	0.2072743177	0.1172936261	0.1067365259	0.1262779087	0.156594038
28	0.05171711	0.0833437964	0.0641881749	0.1057965457	0.0791119635	0.0606489182	0.1309795231
29	0.0514928102	0.0647181571	0.0537886359	0.0638705418	0.1884627342	0.0612325743	0.1614749283
30	0.051283516	0.1483474374	0.0547352061	0.1952629834	0.0565178953	0.0932532027	0.1337568909
31	0.0510876998	0.0617680922	0.0540434867	0.0567428209	0.109665513	0.1125904173	0.1757402867
32	0.0509040728	0.0668193251	0.0532213859	0.1325254589	0.1720016003	0.0662873685	0.1397198886
33	0.0507314764	0.0617164746	0.0599061325	0.1696176529	0.1784568429	0.0625138655	0.174254939
34	0.0505689271	0.1200973615	0.0734183937	0.1191590577	0.0713306963	0.1072927639	0.1390293837
35	0.050415542	0.3063642681	0.075634256	0.1623797268	0.1374449432	0.1386086196	0.1921907812
36	0.0502705611	0.0543401055	0.15363805	0.2646984458	0.0801261142	0.0701081157	0.1562571079
37	0.0501332656	0.1770064533	0.0557618104	0.0954184607	0.2759726942	0.0646447092	0.2067571729
38	0.0500030778	0.0532754026	0.134928897	0.1338587105	0.0651130825	0.1337816715	0.1607469022
39	0.0498794429	0.0696899444	0.1085647941	0.1843184531	0.0917831361	0.1932960749	0.1856513321
40	0.0497618653	0.0769686475	0.0756345615	0.0608751215	0.1939992458	0.0768033266	0.1713928431
41	0.0496499203	0.2655414939	0.0694511309	0.1573731899	0.1968705207	0.0729947537	0.2360698432
42	0.0495432094	0.0535846576	0.0582962632	0.1752813756	0.0685772821	0.1488521099	0.1981701851
43	0.0494413711	0.0531966127	0.0533578619	0.123379603	0.1241124421	0.1506343931	0.2724096179
44	0.049344074	0.0606749319	0.1249471679	0.0951504335	0.0852695405	0.088381812	0.1885826737
45	0.0492510237	0.0766702369	0.0606391355	0.0695863888	0.448759973	0.084477216	0.3072673976
46	0.0491619706	0.3448626995	0.2231993228	0.2595004439	0.0657624528	0.1994374245	0.1910957545
47	0.0490766466	0.507783711	0.1379624009	0.0654803589	0.0845649913	0.141860798	0.3188010156
48	0.0489948243	0.0984231904	0.1428898871	0.2220305949	0.2522270977	0.0927623063	0.2130625695
49	0.0489163026	0.0544150956	0.0524301715	0.2091978043	0.2537788451	0.0723880082	0.3441546261
50	0.0488408953	0.0523475334	0.0535120293	0.07961189	0.0632111505	0.2151232213	0.2468284369
51	0.0487684235	0.0551268794	0.0604569204	0.1331265867	0.1419279724	0.1514698118	0.3968299329
52	0.0486987047	0.0616242439	0.1271503419	0.2821426094	0.080230996	0.0960886031	0.2660639286
53	0.0486316346	0.1834589541	0.0527849719	0.0972963497	0.2263728529	0.0739448965	0.367505908
54	0.0485669971	0.3470983207	0.064643085	0.1778997183	0.0721091256	0.3076485097	0.2573061287
55	0.0485047325	0.3327394426	0.1256551147	0.1931095719	0.1109353527	0.1751282066	0.4812967777
56	0.0484446734	0.0556570925	0.0549857467	0.0546267405	0.2737950087	0.0972342193	0.2229611874
57	0.048386734	0.0582623594	0.097770676	0.1484890431	0.2749500275	0.0763853565	0.5131572485
58	0.0483307876	0.055971209	0.3005189002	0.1325222403	0.063955456	0.2455952615	0.2840124965
59	0.0482767485	0.1059163958	0.2567638755	0.1369612515	0.1354129761	0.1598424613	0.5216881633
60	0.0482245274	0.0545848198	0.0842080414	0.1480999887	0.0795626715	0.1083886847	0.3287160993
61	0.0481740274	0.2632949352	0.0527330749	0.0797538012	0.545551002	0.0816316605	0.6024135947
62	0.0481251627	0.0557114556	0.0634648949	0.1705121994	0.0778848082	0.2920154929	0.3370867968
63	0.048077859	0.1090172008	0.0547378361	0.0789737329	0.1085734889	0.1369808316	0.4885004461
