-1	0.2502500117	0.2502500117	0.2502500117	0.2502500117	0.2502500117	0.2502500117
0	0.1111228764	0.1083063707	0.1237566769	0.1240715235	0.1257584244	0.1257689893
1	0.1008101776	0.1170247793	0.1208706424	0.1209362298	0.1253447086	0.1253673583
2	0.0928106532	0.0978998616	0.1182098612	0.1180612519	0.1249445155	0.1249660924
3	0.0863532871	0.0818698034	0.1157386974	0.1155663058	0.1245521754	0.1245613173
4	0.0810563937	0.2996690571	0.1134291962	0.113506265	0.1241656244	0.1241534948
5	0.0766747445	0.1450645179	0.1112592295	0.1109828129	0.1237839982	0.1237745583
6	0.0730288848	0.1881697476	0.1092110574	0.1094446927	0.1234069243	0.1233894378
7	0.0699796602	0.0708020926	0.1072703749	0.1068257913	0.1230342165	0.1230361536
8	0.0674166828	0.5474060774	0.1054255515	0.1059481353	0.1226657107	0.1226502061
9	0.0652514622	0.1197738051	0.1036670059	0.103247866	0.1223012432	0.1223014146
10	0.0634126291	0.4216850698	0.1019867212	0.1015584469	0.1219407618	0.1219373792
11	0.061842598	0.2307094932	0.1003780961	0.1007120535	0.1215840802	0.1215829626
12	0.0604946092	0.4430193007	0.0988354832	0.098685056	0.1212312132	0.1212346181
13	0.0593307056	0.1903396547	0.0973540246	0.0976580009	0.1208820343	0.1208583862
14	0.0583200008	0.3469702303	0.0959296227	0.0962605327	0.1205364466	0.1205215827
15	0.0574372746	0.1398502141	0.0945585519	0.0948244184	0.1201943457	0.1201593876
16	0.0566619262	0.0800918713	0.0932377502	0.0931791142	0.1198557466	0.1198156029
17	0.055977039	0.0837514102	0.091964297	0.0920893848	0.1195204481	0.1195010096
18	0.0553686954	0.8285900354	0.0907356963	0.0915309489	0.1191884503	0.1191538423
19	0.05482544	0.1498990059	0.0895496681	0.0895874947	0.1188597083	0.1188484505
20	0.0543377511	0.6160532236	0.0884041861	0.0887958035	0.1185340807	0.1184873879
21	0.0538977832	2.0059351921	0.0872973129	0.0872319713	0.1182115749	0.1181863546
22	0.0534989946	0.352601409	0.0862273425	0.0861768499	0.1178920791	0.1178648323
23	0.0531358346	0.4383065403	0.0851926655	0.0871159136	0.1175755039	0.1175586879
24	0.052803766	0.3278714716	0.0841917694	0.0854027942	0.1172618493	0.1172633544
25	0.0524989031	0.2816649377	0.0832232982	0.0832303688	0.1169510707	0.1169757843
26	0.052217938	1.9594632387	0.0822859481	0.08249183	0.116643019	0.116649963
27	0.0519581437	3.826556921	0.0813785046	0.0826957375	0.1163377091	0.116324693
28	0.05171711	1.3167062998	0.0804997906	0.0812450573	0.1160350591	0.1160574555
29	0.0514928102	1.391273737	0.0796487704	0.079773657	0.1157350689	0.1157431528
30	0.051283516	0.6302639842	0.0788243413	0.0790076554	0.1154376119	0.1154176146
31	0.0510876998	0.3385893106	0.0780255422	0.0784581751	0.1151426733	0.1151217148
32	0.0509040728	0.9489333034	0.0772514939	0.0780051053	0.1148501933	0.1148600951
33	0.0507314764	0.2212048322	0.076501213	0.0768757015	0.114560172	0.11457517
34	0.0505689271	0.1620964855	0.0757739395	0.0763378665	0.1142725125	0.1142635494
35	0.050415542	0.6433333158	0.0750687718	0.0760255009	0.1139872074	0.1140127704
36	0.0502705611	5.8390259743	0.0743849948	0.0761532262	0.1137041524	0.1136810035
37	0.0501332656	1.1220459938	0.0737218708	0.0742659047	0.1134233922	0.1134008691
38	0.0500030778	0.2839182615	0.0730786175	0.0762143061	0.1131447852	0.1131105497
39	0.0498794429	2.8633935452	0.0724546015	0.0729596317	0.1128683984	0.112805441
40	0.0497618653	5.6310286522	0.0718491301	0.07295876	0.11259415	0.1125544533
41	0.0496499203	0.3961437643	0.0712616146	0.0719641	0.1123219579	0.1123088375
42	0.0495432094	1.9570441246	0.0706913918	0.0748647302	0.112051852	0.1120163351
43	0.0494413711	3.0636265278	0.070137918	0.0718464702	0.1117837504	0.1117315814
44	0.049344074	0.2805043757	0.0696006045	0.0706866384	0.1115176603	0.111452356
45	0.0492510237	2.4050731659	0.0690789074	0.0713599324	0.1112535149	0.1112233624
46	0.0491619706	3.3032128811	0.0685723424	0.0700272322	0.1109912843	0.1109715328
47	0.0490766466	1.3155694008	0.0680803284	0.0687469319	0.1107309684	0.1107079089
48	0.0489948243	5.5754728317	0.0676024333	0.0709749758	0.1104725003	0.1104476452
49	0.0489163026	0.5831372738	0.0671381801	0.0677541345	0.1102158725	0.1101715341
50	0.0488408953	3.8667254448	0.0666871071	0.068885386	0.1099610478	0.1099635959
51	0.0487684235	0.9019007087	0.0662488118	0.0668789968	0.1097079962	0.1097028553
52	0.0486987047	0.3309892714	0.0658228546	0.0676510781	0.1094566882	0.1094272435
53	0.0486316346	24.6268882751	0.0654088184	0.0685018823	0.1092070788	0.109195143
54	0.0485669971	2.143666029	0.0650063232	0.0664340183	0.1089592129	0.1089647114
55	0.0485047325	2.9583711624	0.0646149889	0.0653222576	0.1087129787	0.1086892709
56	0.0484446734	1.5222001076	0.0642344505	0.0648751482	0.1084683985	0.1084436551
57	0.048386734	5.4834189415	0.0638643652	0.065199919	0.1082254276	0.1082268283
58	0.0483307876	1.926674366	0.0635043606	0.0642926544	0.1079840586	0.1080229878
59	0.0482767485	0.4262958467	0.0631541684	0.0672027543	0.1077442616	0.1077525765
60	0.0482245274	0.4843384624	0.0628134534	0.0637702346	0.1075060442	0.1075286865
61	0.0481740274	0.4997791946	0.0624818988	0.0655393973	0.1072693095	0.1072483137
62	0.0481251627	13.3177051544	0.0621591918	0.0628032014	0.107034117	0.1070340574
63	0.048077859	5.6182761192	0.0618450977	0.0655809119	0.1068003923	0.1068087071
