-1	0.2502500117	0.2502500117	0.2502500117	0.2502500117	0.2502500117	0.2502500117	0.2502500117
0	0.1111228764	0.1123496741	0.111191906	0.1142981201	0.1238792688	0.1217075288	0.1216941401
1	0.1008101776	0.1010597646	0.1012497768	0.1051085591	0.1217442602	0.1178122163	0.1178015769
2	0.0928106532	0.0929780826	0.0927311182	0.092596963	0.1197414547	0.114341259	0.1143198013
3	0.0863532871	0.1013189256	0.086383462	0.0863453224	0.1178711206	0.1111939326	0.11116229
4	0.0810563937	0.1091628522	0.0832785517	0.0811389908	0.1160851792	0.1083125472	0.1082682014
5	0.0766747445	0.0871250331	0.0771788955	0.0773382857	0.114399381	0.1056399271	0.1055897474
6	0.0730288848	0.0799535662	0.0746705905	0.0737046674	0.1128184572	0.103162989	0.1030954123
7	0.0699796602	0.0775939822	0.0716833174	0.0714024827	0.1112952009	0.1008404344	0.1007615402
8	0.0674166828	0.0723710284	0.0690970495	0.0696988627	0.1098400876	0.098667182	0.0985687822
9	0.0652514622	0.0835657567	0.0681906119	0.0661667138	0.1084583029	0.0966111943	0.0965010226
10	0.0634126291	0.0922002271	0.0650442541	0.0681623444	0.1071357429	0.0946773738	0.0945474282
11	0.061842598	0.1002267674	0.0626434162	0.0647385865	0.1058734357	0.0928450599	0.0926975608
12	0.0604946092	0.0652081072	0.0651618987	0.0634956807	0.1046497822	0.0911042392	0.0909441859
13	0.0593307056	0.1455560476	0.0604589656	0.063173376	0.1034783423	0.0894570053	0.0892800018
14	0.0583200008	0.1634176373	0.0606311895	0.064206548	0.1023630947	0.0878933221	0.0876973793
15	0.0574372746	0.1225113422	0.0678538904	0.0596921518	0.1012784988	0.0864070207	0.086192362
16	0.0566619262	0.1060038209	0.0577894486	0.0636550933	0.1002322659	0.0849891677	0.0847613141
17	0.055977039	0.0699305087	0.0573574528	0.0657568201	0.0992340147	0.0836504698	0.0833978057
18	0.0553686954	0.0777775645	0.0588525198	0.0628445894	0.0982654691	0.0823674873	0.0820982233
19	0.05482544	0.0564076789	0.0717503503	0.062791951	0.097323373	0.0811477974	0.0808600187
20	0.0543377511	0.058508411	0.0575318895	0.0596533939	0.0964211524	0.0799859017	0.0796793178
21	0.0538977832	0.0639289394	0.0682666823	0.0643223375	0.0955397934	0.0788749978	0.0785529763
22	0.0534989946	0.0741850063	0.0560305901	0.0584107488	0.0946951285	0.0778206438	0.0774773434
23	0.0531358346	0.0589769706	0.054238189	0.0575836562	0.093877919	0.0768128112	0.0764517561
24	0.052803766	0.1016045511	0.0552700423	0.0566154607	0.0930712372	0.0758473724	0.0754711479
25	0.0524989031	0.0854159743	0.0539066531	0.0606143065	0.0923064426	0.0749280229	0.074535206
26	0.052217938	0.1349111497	0.0561414324	0.059128575	0.0915551931	0.0740486458	0.0736404881
27	0.0519581437	0.0555501357	0.0557113141	0.0578308217	0.0908310711	0.0732068121	0.0727854893
28	0.05171711	0.0590992123	0.0596618056	0.0565709211	0.0901226103	0.072406128	0.0719682649
29	0.0514928102	0.0899913684	0.0549775138	0.0561058894	0.0894429311	0.0716389716	0.0711866096
30	0.051283516	0.094569467	0.0608808473	0.0553107299	0.088769272	0.0709036663	0.0704381838
31	0.0510876998	0.0590764768	0.0584585406	0.0550561883	0.088124685	0.0702050701	0.0697225779
32	0.0509040728	0.0646557808	0.0592940748	0.0544507951	0.0875014365	0.0695308074	0.0690377802
33	0.0507314764	0.0891428292	0.0520451479	0.0551175661	0.0868934765	0.0688878521	0.0683813095
34	0.0505689271	0.0614983402	0.0585839711	0.0555864088	0.0862949863	0.0682712123	0.0677529052
35	0.050415542	0.0559352711	0.0527660511	0.0555678457	0.0857230499	0.0676823109	0.0671501383
36	0.0502705611	0.0632620007	0.0518785156	0.0526697747	0.0851633772	0.0671156719	0.0665730536
37	0.0501332656	0.1457990706	0.0515503734	0.0544758961	0.0846125409	0.066573903	0.0660195947
38	0.0500030778	0.0545926653	0.0669244677	0.0536428057	0.0840778947	0.0660543889	0.065488562
39	0.0498794429	0.1426135004	0.0534744002	0.0524799563	0.0835685655	0.0655563623	0.0649794713
40	0.0497618653	0.0576557294	0.0519529358	0.0522989444	0.0830643252	0.0650780052	0.0644907653
41	0.0496499203	0.0544640794	0.0514924377	0.0526452996	0.0825793147	0.0646175519	0.0640216544
42	0.0495432094	0.057207562	0.0639578402	0.0523775257	0.0820975304	0.0641772673	0.0635708198
43	0.0494413711	0.0756343976	0.0515103266	0.0533802435	0.081637308	0.0637548938	0.0631380454
44	0.049344074	0.1105780527	0.0561056659	0.0517254211	0.0811811686	0.0633459389	0.0627219453
45	0.0492510237	0.1279682368	0.0584176145	0.0516283922	0.0807417855	0.0629554167	0.0623222552
46	0.0491619706	0.0710061416	0.0524157658	0.0541220717	0.0803201199	0.0625778809	0.0619376339
47	0.0490766466	0.0718952268	0.0588450544	0.0510983691	0.0799009055	0.0622167476	0.0615677312
48	0.0489948243	0.154424414	0.0560760871	0.0512627214	0.0794918239	0.0618685856	0.0612117313
49	0.0489163026	0.0541521683	0.0538187027	0.0509757847	0.0790986866	0.061533764	0.0608690567
50	0.0488408953	0.2131984681	0.0595878176	0.0514797233	0.0787112713	0.0612107553	0.060538996
51	0.0487684235	0.0899557024	0.0537654124	0.0511242114	0.0783352479	0.0608996227	0.0602212697
52	0.0486987047	0.1689385325	0.0676375926	0.0514527895	0.0779657438	0.0605994798	0.0599148497
53	0.0486316346	0.1536762416	0.062564142	0.0506203398	0.0776113346	0.0603107065	0.0596196093
54	0.0485669971	0.0554451235	0.0634149611	0.0515443534	0.0772650912	0.0600325502	0.059334822
55	0.0485047325	0.0580436401	0.0584038869	0.0510514453	0.0769242868	0.0597636849	0.0590602495
56	0.0484446734	0.0560102426	0.050390102	0.0506122969	0.0765952542	0.059504535	0.0587951168
57	0.048386734	0.1047606319	0.0537421554	0.0504801497	0.0762722269	0.0592541918	0.0585392155
58	0.0483307876	0.0680800676	0.0528045148	0.050328806	0.0759590194	0.0590123795	0.0582919493
59	0.0482767485	0.0683348924	0.0695705861	0.0503282547	0.0756510645	0.0587788448	0.0580534302
60	0.0482245274	0.0518684126	0.0506834537	0.0501121245	0.075353846	0.0585531965	0.0578225218
61	0.0481740274	0.1046196148	0.0585782118	0.0507494844	0.0750635937	0.0583350472	0.0575995967
62	0.0481251627	0.0789278522	0.0586682111	0.0503883548	0.0747761875	0.0581241138	0.0573839247
63	0.048077859	0.0526544005	0.0512495898	0.0500670709	0.0745034814	0.0579200089	0.0571751408
