-1	0.0249217581	0.0249217581	0.0249217581	0.0249217581
0	0.0178889614	0.0179336276	0.0178620834	0.0178893916
1	0.0129335197	0.0129349474	0.0128815137	0.0129360063
2	0.0093951328	0.0095156627	0.0093559278	0.009401626
3	0.0068619139	0.0071829106	0.006844793	0.0068694088
4	0.0050435537	0.00539769	0.005035182	0.0050503742
5	0.0037349272	0.0040842085	0.0037461391	0.0037430797
6	0.0027907055	0.0031643335	0.0028473274	0.002799764
7	0.0021076738	0.0025724228	0.0021492571	0.0021173332
8	0.0016123175	0.002053096	0.0016556168	0.001622667
9	0.0012521723	0.0018296349	0.001291888	0.0012638695
10	0.0009896874	0.0016524784	0.0010360262	0.0010028164
11	0.000797916	0.0015622383	0.0008363604	0.0008111455
12	0.0006574713	0.0018260019	0.0007159439	0.0006703211
13	0.0005543748	0.0015161453	0.0005958907	0.0005675213
14	0.0004785175	0.0015059533	0.0005449038	0.0004919337
15	0.0004225784	0.001495812	0.0004741134	0.0004363066
16	0.0003812363	0.0015837196	0.0004446637	0.0003949801
17	0.0003506158	0.0015385541	0.0003998175	0.000364766
18	0.0003278875	0.001572807	0.0003774706	0.0003426521
19	0.0003109836	0.0015646376	0.0003874974	0.0003253953
20	0.0002983845	0.0014816376	0.0003566635	0.0003126718
21	0.0002889758	0.0015873049	0.0003443793	0.0003033339
22	0.0002819354	0.0016585261	0.0003864606	0.0002962616
23	0.0002766556	0.0017684266	0.0003532919	0.0002912731
24	0.0002726893	0.0015839833	0.0003409003	0.0002870666
25	0.0002697041	0.0015878984	0.0003400744	0.0002842236
26	0.0002674521	0.001672438	0.0003531253	0.0002824014
27	0.0002657505	0.0018194887	0.0003354998	0.0002802213
28	0.000264462	0.0016586082	0.000355068	0.0002789067
29	0.000263483	0.001660564	0.0003316511	0.0002779842
30	0.0002627385	0.0017254769	0.0003577768	0.0002771249
31	0.0002621707	0.001664417	0.0003342046	0.0002768803
32	0.0002617369	0.0015516297	0.0003424989	0.000276141
33	0.0002614044	0.0015585331	0.0003298959	0.0002758919
34	0.0002611486	0.0016602104	0.0003281361	0.0002760334
35	0.0002609515	0.0017706539	0.0003534545	0.0002753235
36	0.0002607988	0.0016832951	0.0003322898	0.0002751792
37	0.0002606804	0.0016665278	0.0003257884	0.0002751266
38	0.0002605878	0.0016578144	0.000376129	0.000274907
39	0.0002605153	0.0017195396	0.0003465269	0.0002751816
40	0.0002604582	0.0015254125	0.0003357063	0.0002748001
41	0.0002604127	0.0015991287	0.0003388096	0.0002748283
42	0.0002603767	0.0016490601	0.0003544442	0.0002751953
43	0.0002603478	0.0016959485	0.0003364526	0.0002746481
44	0.0002603241	0.0021640006	0.0003572812	0.0002746464
45	0.0002603049	0.0016984149	0.0003336115	0.0002747046
46	0.0002602893	0.0016831727	0.0003605842	0.0002745563
47	0.0002602762	0.0016575978	0.0003359427	0.0002749011
48	0.0002602652	0.0017708415	0.0003438977	0.0002745623
49	0.0002602559	0.0017394633	0.0003316632	0.0002746293
50	0.000260248	0.0017603888	0.0003297874	0.0002750217
51	0.0002602413	0.0017407463	0.0003550272	0.0002744978
52	0.0002602354	0.0016399643	0.0003336446	0.000274522
53	0.0002602302	0.0017224643	0.0003267509	0.0002745975
54	0.0002602257	0.0017811299	0.0003773271	0.0002744584
55	0.0002602219	0.0019001529	0.0003476824	0.0002748192
56	0.0002602183	0.0016877559	0.0003365373	0.0002744857
57	0.0002602151	0.001682097	0.0003398127	0.0002745607
58	0.0002602123	0.0017559261	0.0003554837	0.0002749602
59	0.0002602099	0.0018990926	0.0003372162	0.0002744394
60	0.0002602075	0.0017292585	0.0003580558	0.0002744691
61	0.0002602053	0.0017252051	0.0003342427	0.0002745476
62	0.0002602035	0.0017839714	0.0003612529	0.0002744151
63	0.0002602018	0.0017164192	0.0003363566	0.0002747811
64	0.0002602002	0.0015986504	0.0003442146	0.0002744487
65	0.0002601987	0.0016034025	0.0003319983	0.000274521
66	0.0002601974	0.0017012999	0.0003300551	0.0002749237
67	0.0002601962	0.0018064311	0.0003552744	0.0002744053
68	0.0002601947	0.0017143445	0.0003338472	0.0002744384
69	0.0002601938	0.0016959554	0.0003268887	0.0002745188
70	0.0002601928	0.0016835608	0.0003774854	0.0002743861
71	0.000260192	0.0017426831	0.000347855	0.0002747585
72	0.0002601911	0.0015453539	0.000336654	0.0002744319
73	0.0002601904	0.0016165485	0.0003399429	0.0002745072
74	0.0002601896	0.0016661566	0.0003556204	0.0002749099
75	0.000260189	0.0017120299	0.0003373138	0.000274392
76	0.0002601884	0.0021786001	0.0003581377	0.0002744267
77	0.000260188	0.0017100947	0.0003343281	0.0002745074
78	0.0002601871	0.0016922974	0.0003613201	0.0002743746
79	0.0002601869	0.0016650624	0.0003364012	0.0002747445
80	0.0002601864	0.0017769326	0.0003442222	0.0002744203
81	0.0002601861	0.0017454019	0.0003320385	0.0002744886
82	0.0002601857	0.0017656942	0.0003300777	0.000274895
83	0.0002601854	0.0017457565	0.0003552886	0.0002743746
84	0.000260185	0.0016434557	0.0003338673	0.0002744122
85	0.0002601847	0.0017249534	0.000326896	0.0002744956
86	0.0002601843	0.0017842461	0.0003775169	0.0002743622
87	0.0002601842	0.0019031106	0.0003478859	0.0002747307
88	0.0002601839	0.0016894899	0.000336674	0.0002744059
89	0.0002601836	0.0016840152	0.0003399528	0.0002744792
90	0.0002601836	0.0017575333	0.000355644	0.000274886
91	0.0002601834	0.0018998471	0.0003373204	0.0002743645
92	0.0002601832	0.0017304176	0.0003581458	0.0002743964
93	0.0002601828	0.0017262609	0.0003343381	0.0002744798
94	0.0002601828	0.0017848889	0.0003613592	0.0002743509
95	0.0002601827	0.0017171932	0.0003363986	0.0002747196
96	0.0002601826	0.0015995278	0.0003442373	0.0002743979
97	0.0002601826	0.0016045502	0.0003320383	0.0002744712
98	0.0002601824	0.0017020782	0.0003300731	0.0002748768
99	0.0002601822	0.0018069121	0.0003553034	0.0002743602
