-1	0.0029722487	0.0029722487	0.0029722487	0.0029722487	0.0029722487	0.0029722487	0.0029722487
0	0.0008194869	0.0008189832	0.0008184375	0.0008202026	0.0008198884	0.0008194735	0.0008187218
1	0.0008006491	0.0007987091	0.0007998849	0.0008028132	0.0008010697	0.0007995768	0.0008014183
2	0.0007823048	0.0007836408	0.0007827708	0.0007823457	0.0007844869	0.0007793839	0.000782781
3	0.0007644408	0.0007617324	0.0007751473	0.0007630335	0.0007714119	0.0007625115	0.0007663756
4	0.0007470431	0.0007541795	0.0007526588	0.0007462497	0.0007472727	0.0007456693	0.0007507254
5	0.0007300981	0.0007274128	0.0007303999	0.0007278092	0.0007308439	0.0007286292	0.0007316883
6	0.0007135941	0.0007300898	0.0007251594	0.0007172147	0.0007150128	0.0007128497	0.0007156894
7	0.0006975172	0.0006984685	0.0007399052	0.0006944607	0.0007005288	0.0006968121	0.0006980897
8	0.0006818568	0.000711063	0.0007020608	0.0006820777	0.0006846946	0.0006857509	0.0006834287
9	0.0006666004	0.000677141	0.0006673795	0.0007008954	0.0006705167	0.0006631307	0.000668945
10	0.0006517371	0.0006953584	0.0006985377	0.000660998	0.0006601903	0.0006546999	0.0006632395
11	0.0006372554	0.0006664188	0.0007290439	0.0006316082	0.0006810817	0.0006369726	0.0006390274
12	0.0006231451	0.0006867982	0.0006641024	0.0006382378	0.0006243575	0.0006687814	0.000631378
13	0.0006093955	0.0006720531	0.0006096885	0.0006142653	0.0006142622	0.0006085696	0.0006083387
14	0.0005959967	0.0006755131	0.0007073746	0.0006076049	0.0006010167	0.0005915721	0.0005957725
15	0.0005829393	0.0006996602	0.0007479007	0.0005768831	0.000602481	0.0006270097	0.0005893587
16	0.0005702131	0.000657359	0.0006351921	0.0005841232	0.0005716614	0.0005936929	0.0005972798
17	0.0005578094	0.0007616829	0.0005542663	0.0006976573	0.0005652225	0.0006074556	0.0005684718
18	0.0005457193	0.0006464798	0.0007958771	0.0006167723	0.0005535483	0.0006824111	0.0005510496
19	0.0005339338	0.0008802928	0.0008072479	0.0005247128	0.0005719615	0.0005331613	0.0005375519
20	0.0005224449	0.0006120218	0.0006170432	0.0005945852	0.0005464036	0.0005419895	0.0005273946
21	0.0005112442	0.0010784341	0.0005023913	0.0005472564	0.0005096591	0.0005127202	0.0005213284
22	0.0005003237	0.0005970419	0.0009982993	0.0005138919	0.0005196254	0.000496334	0.0005637626
23	0.0004896761	0.0013897985	0.0009157729	0.0004795839	0.0005093666	0.0008030687	0.0004981047
24	0.0004792936	0.0005668392	0.0006133847	0.0005198495	0.0004944296	0.0005142653	0.0004854534
25	0.0004691692	0.0018688727	0.0004540722	0.0008367497	0.0004792531	0.0004598672	0.0005352795
26	0.0004592955	0.0005510621	0.001387935	0.0006942315	0.0005018823	0.0004584668	0.0004753305
27	0.0004496659	0.0025621657	0.0010745082	0.0004384322	0.0006059397	0.0006258726	0.0004582268
28	0.0004402737	0.0005126004	0.000618591	0.0006393646	0.000448062	0.0004962782	0.0004549606
29	0.0004311124	0.0036060356	0.0004128852	0.0005525694	0.0004480233	0.0004312696	0.0005207118
30	0.0004221761	0.0005207314	0.0019457596	0.0004269993	0.0004355507	0.0004489417	0.0005151222
31	0.0004134582	0.0049533471	0.0013453024	0.0004045419	0.0004967842	0.0004034259	0.0005762522
32	0.0004049533	0.0005716335	0.0006201163	0.0004696831	0.0004051622	0.0004559995	0.0004406095
33	0.0003966552	0.0070152367	0.0003826141	0.0012336376	0.0004229459	0.0003936341	0.0004367298
34	0.0003885589	0.0006834916	0.0029537145	0.0010018307	0.0004326609	0.000396689	0.0004517655
35	0.0003806584	0.0094651235	0.0016712843	0.0003732007	0.0004261146	0.0004167985	0.0006741387
36	0.0003729487	0.0008486243	0.0006539702	0.0008543506	0.0005512125	0.000364859	0.0005473992
37	0.0003654249	0.0134198284	0.0003706084	0.0006849766	0.0003758968	0.0006149596	0.0004581338
38	0.0003580818	0.0011395456	0.0046165027	0.0003546635	0.0004448861	0.0004320805	0.0004186963
39	0.0003509145	0.0184087567	0.00214819	0.0003865925	0.0004018237	0.0003499788	0.0004130212
40	0.0003439187	0.0016624554	0.000719126	0.0004273945	0.0003722238	0.0003410666	0.0003720498
41	0.0003370895	0.0252786484	0.000393274	0.0020611298	0.0003679049	0.0003459987	0.0003744063
42	0.0003304227	0.0026154092	0.0069530294	0.0016345422	0.000443183	0.0003402497	0.0003432968
43	0.0003239138	0.0348548368	0.0030626548	0.0003272279	0.0006127144	0.0003552948	0.0003707513
44	0.0003175588	0.0040824939	0.0007977818	0.001287272	0.000442721	0.0008548362	0.0003708744
45	0.0003113538	0.0446554571	0.0004637336	0.0010591988	0.0003295495	0.0003548552	0.0004002556
46	0.0003052946	0.0060791564	0.010630304	0.0003067488	0.000312356	0.0003119575	0.0003306886
47	0.0002993775	0.0600029007	0.0039603943	0.0005057658	0.0005111508	0.0009398058	0.0006436229
48	0.0002935987	0.008155196	0.0008779182	0.0003886319	0.0003532746	0.0004219558	0.0003325077
49	0.0002879546	0.0798706338	0.0006236797	0.0036085709	0.00033724	0.0004897594	0.0003081133
50	0.0002824418	0.0105273258	0.0161097329	0.002779576	0.0004044723	0.0006548234	0.0003336615
51	0.0002770568	0.10763257	0.0056059943	0.0003231114	0.0002997161	0.000280521	0.0002942929
52	0.0002717963	0.0149215953	0.0009700876	0.0021384656	0.0010034939	0.0003221007	0.000443415
53	0.0002666571	0.1323215663	0.0009305685	0.0018839121	0.0003752895	0.0004564158	0.0002822035
54	0.0002616362	0.0200897567	0.0259186924	0.0002996025	0.0005915439	0.0002784943	0.0003032122
55	0.0002567303	0.1711923033	0.0080015957	0.0010471067	0.000409975	0.0011693857	0.000506035
56	0.0002519366	0.0327543914	0.0011821197	0.000330116	0.0002811723	0.0007712929	0.0005137718
57	0.0002472523	0.2060748786	0.0014546633	0.0065101408	0.0003284627	0.0002453224	0.0002703366
58	0.0002426742	0.0459155105	0.0362573117	0.0047297515	0.000402563	0.0002373474	0.000265536
59	0.0002382001	0.2726527154	0.0117088296	0.0004157744	0.0006279419	0.0008871591	0.0009678586
60	0.0002338271	0.0442623757	0.001604387	0.0032248998	0.0008569206	0.0007430043	0.0012689225
61	0.0002295525	0.3626821637	0.0024138356	0.0035659394	0.000266208	0.000230919	0.0004073115
62	0.0002253742	0.0672423616	0.0550527051	0.000341903	0.0003491364	0.0004995733	0.0002498562
63	0.0002212894	0.3882761896	0.0163339358	0.0025049646	0.0006695515	0.0002301749	0.0002386483
64	0.0002172958	0.0715184808	0.0019959495	0.0003078079	0.0006773042	0.0003376692	0.0002643891
65	0.0002133912	0.4761973023	0.0040289522	0.0107502891	0.0002841791	0.0002214504	0.0003041212
66	0.0002095734	0.0531459153	0.0861596689	0.0074057137	0.0004741062	0.0002971943	0.0003503161
67	0.0002058401	0.4829564393	0.0231954474	0.000659389	0.000273862	0.0002348302	0.0002420122
68	0.0002021892	0.4045387208	0.0029911068	0.0050366526	0.0023764791	0.000314455	0.0002563664
69	0.0001986187	2.686173439	0.0065096468	0.0065968847	0.000535441	0.0012831696	0.0003576071
70	0.0001951265	0.4594590366	0.1171163917	0.0004480438	0.0012938059	0.0007145712	0.0003354459
71	0.0001917108	4.7258634567	0.0354997814	0.0058316411	0.000588685	0.0002193351	0.0007833462
72	0.0001883698	0.4781335592	0.004546361	0.0003702978	0.0002561417	0.0002169848	0.0005430789
73	0.0001851012	6.3022861481	0.0114211887	0.0172098614	0.0003732272	0.0002530056	0.0006234577
74	0.0001819037	0.5731993318	0.1801986396	0.0114613147	0.0003904373	0.0003027256	0.0003541856
75	0.0001787753	7.2415008545	0.0493234992	0.0012295787	0.0006905525	0.0002197298	0.0003179318
76	0.0001757144	3.0183908939	0.0063135666	0.0068791397	0.0022318978	0.0017051941	0.000196916
77	0.0001727192	21.1720428467	0.0191976782	0.0115311714	0.0005512702	0.0011230152	0.000195051
78	0.0001697883	1.8239917755	0.248822093	0.0006721928	0.0011106593	0.0006215972	0.0002103918
79	0.00016692	46.7060661316	0.0681423917	0.0123057906	0.001231266	0.0015175778	0.0002414555
80	0.0001641127	335.8946533203	0.0100657605	0.000548761	0.0020422949	0.0008478099	0.0011502233
81	0.0001613652	844.5283203125	0.0333944447	0.0267764777	0.0002647186	0.0004173355	0.000187548
82	0.0001586757	1613.3568115234	0.3650703728	0.0162968189	0.0006916511	0.000354889	0.00019486
83	0.0001560431	2675.677734375	0.0899427161	0.0023127708	0.0005003178	0.0002028231	0.0003864211
84	0.0001534659	3987.7331542969	0.0159777384	0.0103428932	0.0051789964	0.0002185865	0.0001965088
85	0.0001509427	5461.5141601562	0.0553297363	0.0192586016	0.0008392346	0.0017047306	0.000207774
86	0.0001484724	7423.716796875	0.5616904497	0.0010582744	0.003778032	0.0002280975	0.0014177156
87	0.0001460536	9161.1494140625	0.1369531602	0.0251553524	0.0012753324	0.0008480688	0.0002467236
88	0.000143685	4800.048828125	0.0262339301	0.0009308046	0.0005612364	0.0024369471	0.0001687296
89	0.0001413655	5089.7280273438	0.0552184768	0.0373243727	0.0005271047	0.0001949182	0.0005062599
90	0.0001390941	5027.1728515625	0.0397990756	0.0210616812	0.0003427456	0.0004653057	0.0001744223
91	0.0001368694	5353.6826171875	0.1767681241	0.0040747435	0.0008374202	0.0013769543	0.0002081613
92	0.0001346904	5612.70703125	0.6952596307	0.0114534283	0.005613721	0.0017663697	0.0002286014
93	0.000132556	9080.216796875	0.1484859139	0.0305367429	0.0020489793	0.0002528777	0.0004400597
94	0.0001304651	9274.78515625	0.0513767153	0.0015984133	0.0041604266	0.0019013077	0.0001641339
95	0.0001284169	11215.11328125	1.2403620481	0.0472797081	0.0024331328	0.0003587443	0.0022699402
96	0.0001264102	15666.466796875	0.7097733021	0.002073139	0.0064473185	0.0002929535	0.0006004552
97	0.0001244441	19504.556640625	1.0408679247	0.0477384664	0.0006025081	0.0002002305	0.0001587102
98	0.0001225176	26205.681640625	0.1107710972	0.0247737318	0.0015149477	0.0003599993	0.0019841669
99	0.0001206298	19452.146484375	0.9721316695	0.006335442	0.0014199058	0.0002135891	0.0006349353
