-1	0.0029722487	0.0029722487	0.0029722487
0	0.0008194869	0.0008198884	0.0008361891
1	0.0008006491	0.0008010697	0.0008336896
2	0.0007823048	0.0007844869	0.0008312613
3	0.0007644408	0.0007714119	0.0008288634
4	0.0007470431	0.0007472727	0.0008263399
5	0.0007300981	0.0007308439	0.0008239491
6	0.0007135941	0.0007150128	0.0008214065
7	0.0006975172	0.0007005288	0.0008190518
8	0.0006818568	0.0006846946	0.0008168858
9	0.0006666004	0.0006705167	0.0008144201
10	0.0006517371	0.0006601903	0.0008120692
11	0.0006372554	0.0006810817	0.0008095989
12	0.0006231451	0.0006243575	0.0008070845
13	0.0006093955	0.0006142622	0.0008048074
14	0.0005959967	0.0006010167	0.0008023409
15	0.0005829393	0.000602481	0.000800106
16	0.0005702131	0.0005716614	0.0007976052
17	0.0005578094	0.0005652225	0.0007952426
18	0.0005457193	0.0005535483	0.0007929566
19	0.0005339338	0.0005719615	0.0007907154
20	0.0005224449	0.0005464036	0.0007883495
21	0.0005112442	0.0005096591	0.0007860451
22	0.0005003237	0.0005196254	0.0007838025
23	0.0004896761	0.0005093666	0.0007813608
24	0.0004792936	0.0004944296	0.0007794755
25	0.0004691692	0.0004792531	0.0007770176
26	0.0004592955	0.0005018823	0.0007748128
27	0.0004496659	0.0006059397	0.0007725484
28	0.0004402737	0.000448062	0.000769925
29	0.0004311124	0.0004480233	0.0007680144
30	0.0004221761	0.0004355507	0.0007655052
31	0.0004134582	0.0004967842	0.0007635118
32	0.0004049533	0.0004051622	0.000760991
33	0.0003966552	0.0004229459	0.0007587603
34	0.0003885589	0.0004326609	0.0007566115
35	0.0003806584	0.0004261146	0.0007545527
36	0.0003729487	0.0005512125	0.0007524589
37	0.0003654249	0.0003758968	0.0007500824
38	0.0003580818	0.0004448861	0.0007484129
39	0.0003509145	0.0004018237	0.0007456105
40	0.0003439187	0.0003722238	0.0007440721
41	0.0003370895	0.0003679049	0.0007415769
42	0.0003304227	0.000443183	0.0007395402
43	0.0003239138	0.0006127144	0.0007376477
44	0.0003175588	0.000442721	0.0007346672
45	0.0003113538	0.0003295495	0.0007332888
46	0.0003052946	0.000312356	0.000730569
47	0.0002993775	0.0005111508	0.0007288473
48	0.0002935987	0.0003532746	0.0007262393
49	0.0002879546	0.00033724	0.0007241519
50	0.0002824418	0.0004044723	0.0007221192
51	0.0002770568	0.0002997161	0.0007202669
52	0.0002717963	0.0010034939	0.0007185364
53	0.0002666571	0.0003752895	0.000715975
54	0.0002616362	0.0005915439	0.0007150992
55	0.0002567303	0.000409975	0.0007116962
56	0.0002519366	0.0002811723	0.0007105374
57	0.0002472523	0.0003284627	0.0007080015
58	0.0002426742	0.000402563	0.0007061654
59	0.0002382001	0.0006279419	0.0007048188
60	0.0002338271	0.0008569206	0.0007012127
61	0.0002295525	0.000266208	0.0007005134
62	0.0002253742	0.0003491364	0.0006974267
63	0.0002212894	0.0006695515	0.0006959994
64	0.0002172958	0.0006773042	0.000693254
65	0.0002133912	0.0002841791	0.0006913238
66	0.0002095734	0.0004741062	0.0006893818
67	0.0002058401	0.000273862	0.0006877581
68	0.0002021892	0.0023764791	0.0006865018
69	0.0001986187	0.000535441	0.0006836369
70	0.0001951265	0.0012938059	0.0006837336
71	0.0001917108	0.000588685	0.0006795225
72	0.0001883698	0.0002561417	0.0006787907
73	0.0001851012	0.0003732272	0.0006761929
74	0.0001819037	0.0003904373	0.0006745753
75	0.0001787753	0.0006905525	0.0006739743
76	0.0001757144	0.0022318978	0.0006694586
77	0.0001727192	0.0005512702	0.0006695692
78	0.0001697883	0.0011106593	0.0006659703
79	0.00016692	0.001231266	0.0006648428
80	0.0001641127	0.0020422949	0.0006619451
81	0.0001613652	0.0002647186	0.0006601948
82	0.0001586757	0.0006916511	0.0006583069
83	0.0001560431	0.0005003178	0.0006569301
84	0.0001534659	0.0051789964	0.0006561805
85	0.0001509427	0.0008392346	0.0006529817
86	0.0001484724	0.003778032	0.0006541667
87	0.0001460536	0.0012753324	0.0006489822
88	0.000143685	0.0005612364	0.0006487242
89	0.0001413655	0.0005271047	0.0006460533
90	0.0001390941	0.0003427456	0.000644689
91	0.0001368694	0.0008374202	0.0006450773
92	0.0001346904	0.005613721	0.0006393166
93	0.000132556	0.0020489793	0.0006403608
94	0.0001304651	0.0041604266	0.0006361154
95	0.0001284169	0.0024331328	0.0006352978
96	0.0001264102	0.0064473185	0.0006322231
97	0.0001244441	0.0006025081	0.0006306777
98	0.0001225176	0.0015149477	0.0006288145
99	0.0001206298	0.0014199058	0.0006276875
